0
0
0
0
0
1.9442720897164904E-09
0
0
0
0
104.6017065016645
0
0
0
0
5.303945815399752E-10
0
0
0
0
245.84998983843724
0
0
0
0
2.488601367852738E-09
0
0
0
0
281.95267330294183
0
0
0
0
3.789617159183532E-09
0
0
0
0
87.16498809511373
0
0
0
0
4.3688461442352545E-10
0
0
0
0
83.15292938268806
0
0
0
0
1.3235494242850542E-09
0
0
0
0
250.89955834910606
0
0
0
0
2.6429322470630224E-09
0
0
0
0
208.88414338079426
0
0
0
0
1.247319928824752E-09
0
0
0
0
266.6967351222818
0
0
0
0
3.882535478615679E-09
0
0
0
0
177.12008822071024
0
0
0
0
1.6016824241831361E-09
0
0
0
0
85.20945509752391
0
0
0
0
5.688724694536337E-10
0
0
0
0
120.18357783430847
0
0
0
0
1.5287450988506954E-09
0
0
0
0
336.39164350875893
0
0
0
0
1.768690106424184E-09
0
0
0
0
120.14060218630246
0
0
0
0
3.759917166165799E-09
0
0
0
0
185.15044371122744
0
0
0
0
3.011226896273116E-09
0
0
0
0
36.54134774750102
0
0
0
0
2.2232736465122825E-09
0
0
0
0
179.38198656025253
0
0
0
0
1.991495745775144E-09
0
0
0
0
272.57985873737016
0
0
0
0
4.276040735827147E-09
0
0
0
0
29.553105561393473
0
0
0
0
2.6551866312231093E-09
0
0
0
0
87.94610898475581
0
0
0
0
2.265834046510948E-09
0
0
0
0
88.77301676965718
0
0
0
0
4.950047383426991E-09
0
0
0
0
334.47112146473864
0
0
0
0
4.113021033566798E-09
0
0
0
0
32.41386368731942
0
0
0
0
5.4780181868377684E-09
0
0
0
0
364.3899673322152
0
0
0
0
6.589559697585602E-09
0
0
0
0
249.49251705014257
0
0
0
0
9.313225746154785E-10
0
0
0
0
339.31504429386274
0
0
0
0
2.08250058582033E-09
0
0
0
0
273.7931038832056
0
0
0
0
1.9199706733309015E-09
0
0
0
0
121.86460182072398
0
0
0
0
1.884135881910319E-09
0
0
0
0
83.68538295833167
0
0
0
0
3.261707193712215E-09
0
0
0
0
108.83506794407842
0
0
0
0
0
0
0
0
0
425.748918219302
0
0
0
0
1.862645149230957E-09
0
0
0
0
121.31068153676476
0
0
0
0
2.3283064365386963E-09
0
0
0
0
218.90407179392906
0
0
0
0
0
0
0
0
0
521.6588992550969
0
0
0
0
6.111527210290864E-09
0
0
0
0
23.8120930865407
0
0
0
0
6.1469053767826805E-09
0
0
0
0
72.01173589006066
0
0
0
0
1.951476397719259E-09
0
0
0
0
108.44697956368327
0
0
0
0
2.0216166724930816E-09
0
0
0
0
287.0842189721156
0
0
0
0
6.466095003895023E-09
0
0
0
0
240.8033332125637
0
0
0
0
6.378073092119725E-09
0
0
0
0
450.7471100618515
0
0
0
0
2.6002948790888644E-09
0
0
0
0
64.41498900949635
0
0
0
0
3.086326404502591E-09
0
0
0
0
89.63324463447108
0
0
0
0
5.532178791421008E-09
0
0
0
0
494.3643405294276
0
0
0
0
2.5085070473873463E-09
0
0
0
0
216.70027138970298
0
0
0
0
2.814798080229861E-09
0
0
0
0
121.5158072412793
0
0
0
0
4.928587227374911E-09
0
0
0
0
56.16813806735645
0
0
0
0
5.377318084793342E-09
0
0
0
0
474.53867563735497
0
0
0
0
1.2651668695481451E-09
0
0
0
0
65.11686944807546
0
0
0
0
3.584850403377286E-09
0
0
0
0
20.318734836548998
0
0
0
0
5.189069454825616E-09
0
0
0
0
113.98986281661449
0
0
0
0
3.677614303611081E-09
0
0
0
0
192.76301012039417
0
0
0
0
4.497194645855227E-09
0
0
0
0
360.13483289963483
0
0
0
0
4.18856131745689E-09
0
0
0
0
70.72842474509926
0
0
0
0
7.765305568433974E-10
0
0
0
0
327.7049808930724
0
0
0
0
3.1239368276157685E-09
0
0
0
0
441.0992808573903
0
0
0
0
2.630683245619961E-09
0
0
0
0
310.4208630407092
0
0
0
0
3.706762573133112E-09
0
0
0
0
93.37221854260466
0
0
0
0
2.2683974414548336E-09
0
0
0
0
235.65449510469205
0
0
0
0
1.38343160141791E-09
0
0
0
0
91.13531851965413
0
0
0
0
3.74814636129962E-10
0
0
0
0
232.7498907613112
0
0
0
0
3.0843693603676377E-09
0
0
0
0
12.768933013674825
0
0
0
0
4.3568480134950225E-09
0
0
0
0
118.25089524297661
0
0
0
0
2.9740605806254917E-09
0
0
0
0
147.77057674539182
0
0
0
0
4.1614959055503E-09
0
0
0
0
771.2942286559532
0
0
0
0
3.802132767168193E-09
0
0
0
0
355.5451909934635
0
0
0
0
1.9172213268114587E-09
0
0
0
0
103.15501727392775
0
0
0
0
1.6283012625131743E-09
0
0
0
0
51.91275040638049
0
0
0
0
6.039010614923903E-09
0
0
0
0
93.17012995280268
0
0
0
0
2.302668846552127E-09
0
0
0
0
99.54814322224853
0
0
0
0
8.579789475244057E-10
0
0
0
0
645.070289421207
0
0
0
0
2.98242825000019E-09
0
0
0
0
99.21902825389442
0
0
0
0
1.2257083770475479E-09
0
0
0
0
165.18453614298622
0
0
0
0
8.016860855285089E-10
0
0
0
0
311.54754201742276
0
0
0
0
1.3369566385162527E-09
0
0
0
0
92.83625507020263
0
0
0
0
0
0
0
0
0
83.93930965169046
0
0
0
0
2.1614006546411642E-09
0
0
0
0
37.76547078222799
0
0
0
0
3.14428288961282E-09
0
0
0
0
119.63658631394279
0
0
0
0
3.7899875749929865E-09
0
0
0
0
160.39203988824025
0
0
0
0
4.017999990311914E-09
0
0
0
0
359.43146807429105
0
0
0
0
1.95405104078279E-09
0
0
0
0
69.15661280527432
0
0
0
0
1.42361197572726E-09
0
0
0
0
55.83811983306333
0
0
0
0
8.496888258639677E-10
0
0
0
0
69.89313302327139
0
0
0
0
2.847403714896537E-09
0
0
0
0
91.10395357262477
0
0
0
0
2.355583404643496E-09
0
0
0
0
39.279478149565165
0
0
0
0
2.361389690802823E-09
0
0
0
0
402.13644170381895
0
0
0
0
4.681165107994089E-09
0
0
0
0
316.6665739172115
0
0
0
0
1.885774236863126E-09
0
0
0
0
199.72897112503816
0
0
0
0
3.81648761191962E-09
0
0
0
0
111.82091862424798
0
0
0
0
2.3745343371709616E-09
0
0
0
0
101.56869571681406
0
0
0
0
1.0164707789664213E-09
0
0
0
0
248.00988880543778
0
0
0
0
1.4289858794952177E-09
0
0
0
0
143.773238051364
0
0
0
0
1.8491531504607464E-09
0
0
0
0
134.03800034132163
0
0
0
0
2.258648692465126E-09
0
0
0
0
332.7884348009273
0
0
0
0
2.1019548017501893E-09
0
0
0
0
257.29722906961166
0
0
0
0
2.3625060134927943E-09
0
0
0
0
176.3884088080495
0
0
0
0
1.6334591826741762E-09
0
0
0
0
294.3701774873301
0
0
0
0
1.4028044734609675E-09
0
0
0
0
793.3014646801996
0
0
0
0
4.250933807204123E-09
0
0
0
0
40.883206734058916
0
0
0
0
8.71726572872967E-10
0
0
0
0
354.028277961331
0
0
0
0
2.0671873542493622E-09
0
0
0
0
128.92020234909697
0
0
0
0
1.2488146137188858E-09
0
0
0
0
84.4781105235718
0
0
0
0
4.729647332892313E-09
0
0
0
0
85.41851999480474
0
0
0
0
3.743082486377906E-09
0
0
0
0
153.40044633752933
0
0
0
0
2.113736098224876E-09
0
0
0
0
61.86528503902596
0
0
0
0
1.5310383849922496E-09
0
0
0
0
66.64938350699347
0
0
0
0
1.0260512635186142E-09
0
0
0
0
2.471710026845983
0
0
0
0
1.801502771761981E-09
0
0
0
0
35.975962475738676
0
0
0
0
2.5535820875107135E-09
0
0
0
0
118.9936902448503
0
0
0
0
5.941844060072748E-09
0
0
0
0
8.599303416403757
0
0
0
0
1.766904468270058E-09
0
0
0
0
315.537278245261
0
0
0
0
8.564986349835972E-09
0
0
0
0
310.8259580128502
0
0
0
0
5.964869977834348E-09
0
0
0
0
106.03716468065977
0
0
0
0
6.557539961241746E-09
0
0
0
0
18.500646345317364
0
0
0
0
3.3486875434793398E-09
0
0
0
0
238.11734970659018
0
0
0
0
1.0212680930501664E-08
0
0
0
0
32.69685260951519
0
0
0
0
5.690865416602487E-09
0
0
0
0
292.8772090806017
0
0
0
0
1.8461557206481751E-09
0
0
0
0
76.83766174824729
0
0
0
0
7.062023942924199E-09
0
0
0
0
190.38811287778412
0
0
0
0
4.693006889218148E-09
0
0
0
0
117.05109664883669
0
0
0
0
6.688855227381495E-09
0
0
0
0
120.75043698591136
0
0
0
0
2.015662917404179E-09
0
0
0
0
242.40855162202251
0
0
0
0
3.4759039579318092E-09
0
0
0
0
182.73667666239584
0
0
0
0
2.7095087907988665E-09
0
0
0
0
46.0742167920819
0
0
0
0
1.8626451492309568E-09
0
0
0
0
456.43528216180175
0
0
0
0
1.0669640486491471E-09
0
0
0
0
167.69964966183684
0
0
0
0
3.1941185534587462E-09
0
0
0
0
79.83104299837893
0
0
0
0
9.745934578081154E-09
0
0
0
0
710.2082800275425
0
0
0
0
3.111445821889779E-09
0
0
0
0
421.5372728503381
0
0
0
0
3.4430810697256148E-09
0
0
0
0
183.54005969571995
0
0
0
0
1.9080286670341453E-09
0
0
0
0
353.70273651471086
0
0
0
0
1.4673558975180108E-09
0
0
0
0
79.88024358264599
0
0
0
0
3.3433907589527464E-09
0
0
0
0
15.908138529250053
0
0
0
0
3.0818944326662605E-09
0
0
0
0
363.7764501141826
0
0
0
0
3.0361207158644997E-09
0
0
0
0
124.31382370321478
0
0
0
0
2.497956211411437E-09
0
0
0
0
211.05718494522554
0
0
0
0
1.2840925935309383E-09
0
0
0
0
228.24198145355354
0
0
0
0
8.289499990687439E-10
0
0
0
0
239.10789055338978
0
0
0
0
9.310240678589013E-10
0
0
0
0
272.92882072439056
0
0
0
0
3.74496111211536E-10
0
0
0
0
352.04037919680843
0
0
0
0
1.9705869341861606E-09
0
0
0
0
93.46905064375181
0
0
0
0
5.941025763383488E-10
0
0
0
0
103.39202408577688
0
0
0
0
1.0762510262327768E-09
0
0
0
0
119.9645062468428
0
0
0
0
4.5134397214360175E-09
0
0
0
0
59.5807915163719
0
0
0
0
1.2226998932670297E-09
0
0
0
0
115.26058340923429
0
0
0
0
3.6591875659473603E-09
0
0
0
0
64.9108426150161
0
0
0
0
2.277164332870503E-09
0
0
0
0
133.01693001712462
0
0
0
0
3.482173367191483E-09
0
0
0
0
71.66184456695302
0
0
0
0
1.7218537534862358E-09
0
0
0
0
727.4613391789284
0
0
0
0
1.4744587539963886E-09
0
0
0
0
254.30873499915927
0
0
0
0
1.8510501974503367E-09
0
0
0
0
33.61341078020749
0
0
0
0
4.511025635259429E-09
0
0
0
0
485.15068500232144
0
0
0
0
1.4705189072743325E-09
0
0
0
0
190.2711391684415
0
0
0
0
2.496618908059874E-09
0
0
0
0
174.02265723495495
0
0
0
0
4.0198125221312805E-09
0
0
0
0
173.6080404153147
0
0
0
0
3.010541726215782E-09
0
0
0
0
393.11522247187696
0
0
0
0
3.6264463654241653E-09
0
0
0
0
59.00031870881563
0
0
0
0
2.4523633974336757E-09
0
0
0
0
709.3208556468322
0
0
0
0
3.31557757806048E-09
0
0
0
0
142.78726384717913
0
0
0
0
1.486687241314351E-09
0
0
0
0
120.3648032130402
0
0
0
0
3.0403403690756613E-09
0
0
0
0
169.41229493635905
0
0
0
0
1.6788494465515513E-09
0
0
0
0
28.914187921326686
0
0
0
0
1.1023977604758334E-09
0
0
0
0
48.94974853884017
0
0
0
0
9.104149551223062E-10
0
0
0
0
157.84583249990385
0
0
0
0
1.320988028078727E-09
0
0
0
0
128.43264058481077
0
0
0
0
3.1343030013865974E-09
0
0
0
0
421.86314209785587
0
0
0
0
4.858830046245626E-09
0
0
0
0
200.3376442522039
0
0
0
0
3.8200351748759615E-09
0
0
0
0
47.067868364024335
0
0
0
0
5.359676892129647E-10
0
0
0
0
58.422985428681244
0
0
0
0
6.05993051773898E-09
0
0
0
0
237.04575332363964
0
0
0
0
4.15192248429446E-09
0
0
0
0
67.21861693291558
0
0
0
0
1.0901861038953107E-09
0
0
0
0
272.5165780766364
0
0
0
0
1.0669640486491471E-09
0
0
0
0
39.6797952065734
0
0
0
0
1.8626451492309568E-09
0
0
0
0
348.6313832771482
0
0
0
0
1.154200802489627E-09
0
0
0
0
281.0491717440336
0
0
0
0
6.490624030053598E-09
0
0
0
0
181.8312876039455
0
0
0
0
2.87075068132641E-09
0
0
0
0
423.84064006996687
0
0
0
0
6.7447714232757616E-09
0
0
0
0
122.13339690035862
0
0
0
0
1.9991344320488048E-09
0
0
0
0
207.35778056699746
0
0
0
0
2.79416774832761E-09
0
0
0
0
367.5729805804916
0
0
0
0
5.783993682536762E-09
0
0
0
0
181.54816383532523
0
0
0
0
2.3117712716904634E-09
0
0
0
0
72249268.2529534
0
0
0
0
7.1915117209409985E-09
0
0
0
0
72248983.10730219
0
0
0
0
3.1163109063629287E-09
0
0
0
0
72248786.44817224
0
0
0
0
3.3841873130490364E-09
0
0
0
0
72249291.1502223
0
0
0
0
7.474016385814337E-09
0
0
0
0
72249205.61798874
0
0
0
0
3.741625389081472E-09
0
0
0
0
72249051.11668897
0
0
0
0
6.922552710081686E-09
0
0
0
0
72248697.0382549
0
0
0
0
4.293184940373938E-09
0
0
0
0
72248964.69649152
0
0
0
0
3.978611782806707E-09
0
0
0
0
72249101.85769448
0
0
0
0
6.211763169569424E-09
0
0
0
0
72247901.33819881
0
0
0
0
2.7995058320115546E-09
0
0
0
0
72249310.01024851
0
0
0
0
3.139803665368737E-09
0
0
0
0
72249388.09685133
0
0
0
0
5.586823787819934E-09
0
0
0
0
72249017.04179043
0
0
0
0
2.711965183479433E-09
0
0
0
0
72248724.83640455
0
0
0
0
3.6092048529496245E-09
0
0
0
0
72248864.7295254
0
0
0
0
3.943555159093094E-09
0
0
0
0
72249314.79044676
0
0
0
0
3.3555101362990665E-09
0
0
0
0
72249018.38003524
0
0
0
0
3.947500159744311E-09
0
0
0
0
72249016.90633607
0
0
0
0
3.757059606848543E-09
0
0
0
0
72249156.29468611
0
0
0
0
4.951955083858125E-09
0
0
0
0
72249113.67149302
0
0
0
0
4.905492855101812E-10
0
0
0
0
72248985.57622993
0
0
0
0
4.710912877164623E-09
0
0
0
0
163.35716984207312
0
0
0
0
2.2122679655183848E-09
0
0
0
0
68.05121244875619
0
0
0
0
2.633971640683978E-09
0
0
0
0
136.5562340987535
0
0
0
0
2.2540908198472252E-10
0
0
0
0
220.53292147813843
0
0
0
0
1.8094669801442383E-09
0
0
0
0
26.870388799112128
0
0
0
0
6.831902707702333E-10
0
0
0
0
270.880955989756
0
0
0
0
2.732723016454082E-09
0
0
0
0
0.5168311202498259
0
0
0
0
2.1603630364992927E-09
0
0
0
0
171.8352929535783
0
0
0
0
2.6261355729882658E-09
0
0
0
0
379.9633348939506
0
0
0
0
3.401658002028308E-09
0
0
0
0
250.64407324626535
0
0
0
0
1.3357620126566051E-09
0
0
0
0
112.32706782055216
0
0
0
0
1.486951466242082E-09
0
0
0
0
18.900082845999293
0
0
0
0
1.5216690186944742E-09
0
0
0
0
41.97892002341352
0
0
0
0
1.4395709113255145E-09
0
0
0
0
281.136031126391
0
0
0
0
4.090208126431313E-09
0
0
0
0
65.63575417823812
0
0
0
0
2.236178681981636E-09
0
0
0
0
303.1832149486879
0
0
0
0
1.9391056744619246E-09
0
0
0
0
70.39410394989369
0
0
0
0
2.5312063549880447E-09
0
0
0
0
169.04929589037786
0
0
0
0
3.808795832244595E-09
0
0
0
0
92.00565593633061
0
0
0
0
2.8274942353891182E-09
0
0
0
0
17.70774870986338
0
0
0
0
0
0
0
0
0
0
0
0
0
0
0
0
0
0
0
0
0
0
0
0
0
0
0
0
0
0
0
0
0
0
0
0
0
0
0
0
0
0
0
0
0
0
0
0
0
0
0
0
0
0
0
0
0
0
0
0
0
0
0
0
0
0
0
0
0
0
0
0
0
0
0
0
0
0
0
0
0
0
0
0
0
0
0
0
0
0
0
0
0
0
0
0
0
0
0
0
0
0
0
0
0
0
0
0
0
0
0
0
0
0
0
0
0
0
0
0
0
0
0
0
0
0
0
0
0
0
0
0
0
0
0
0
0
0
0
0
0
0
0
0
0
0
0
0
0
0
0
0
0
0
0
0
0
0
0
0
0
0
0
0
0
0
0
0
0
0
0
0
0
0
0
0
0
0
0
0
0
0
0
0
0
0
0
0
0
0
0
0
0
0
0
0
0
0
0
0
0
0
0
0
0
0
0
0
0
0
0
0
0
0
0
0
0
0
0
0
0
0
0
0
0
0
0
0
0
0
0
0
0
0
0
0
0
0
0
0
0
0
0
0
0
0
0
0
0
0
0
0
0
0
0
0
0
0
0
0
0
0
0
0
0
0
0
0
0
0
0
0
0
0
0
0
0
0
0
0
0
0
0
0
0
0
0
0
0
0
0
0
0
0
0
0
0
0
0
0
0
0
0
0
0
0
0
0
0
0
0
0
0
0
0
0
0
0
0
0
0
0
0
0
0
0
0
0
0
0
0
0
0
0
0
0
0
0
0
0
0
0
0
0
0
0
0
0
0
0
0
0
0
0
0
0
0
0
0
0
0
0
0
0
0
0
0
0
0
0
0
0
0
0
0
0
0
0
0
0
0
0
0
0
0
0
0
0
0
0
0
0
0
0
0
0
0
0
0
0
0
0
0
0
0
0
0
0
0
0
0
0
0
0
0
0
0
0
0
0
0
0
0
0
0
0
0
0
0
0
0
0
0
0
0
0
0
0
0
0
0
0
0
0
0
0
0
0
0
0
0
0
0
0
0
0
0
0
0
0
0
0
0
0
0
0
0
0
0
0
0
0
0
0
0
0
0
0
0
0
0
0
0
0
0
0
0
0
0
0
0
0
0
0
0
0
0
0
0
0
0
0
0
0
0
0
0
0
0
0
0
0
0
0
0
0
0
0
0
0
0
0
0
0
0
0
0
0
0
0
0
0
0
0
0
0
0
0
0
0
0
0
0
0
0
0
0
0
0
0
0
0
0
0
0
0
0
0
0
0
0
0
0
0
0
0
0
0
0
0
0
0
0
0
0
0
0
0
0
0
0
0
0
0
0
0
0
0
0
0
0
0
0
0
0
0
0
0
0
0
0
0
0
0
0
0
0
0
0
0
0
0
0
0
0
0
0
0
0
0
0
0
0
0
0
0
0
0
0
0
0
0
0
0
0
0
0
0
0
0
0
0
0
0
0
0
0
0
0
0
0
0
0
0
0
0
0
0
0
0
0
0
0
0
0
0
0
0
0
0
0
0
0
0
0
0
0
0
0
0
0
0
0
0
0
0
0
0
0
0
0
0
0
0
0
0
0
0
0
0
0
0
0
0
0
0
0
0
0
0
0
0
0
0
0
0
0
0
0
0
0
0
0
0
0
0
0
0
0
0
0
0
0
0
0
0
0
0
0
0
0
0
0
0
0
0
0
0
0
0
0
0
0
0
0
0
0
0
0
0
0
0
0
0
0
0
0
0
0
0
0
0
0
0
0
0
0
0
0
0
0
0
0
0
0
0
0
0
0
0
0
0
0
0
0
0
0
0
0
0
0
0
0
0
0
0
0
0
0
0
0
0
0
0
0
0
0
0
0
0
0
0
0
0
0
0
0
0
0
0
0
0
0
0
0
0
0
0
0
0
0
0
0
0
0
0
0
0
0
0
0
0
0
0
0
0
0
0
0
0
0
0
0
0
0
0
0
0
0
0
0
0
0
0
0
0
0
0
0
0
0
0
0
0
0
0
0
0
0
0
0
0
0
0
0
0
0
0
0
0
0
0
0
0
0
0
0
0
0
0
0
0
0
0
0
0
0
0
0
0
0
0
0
0
0
0
0
0
0
0
0
0
0
0
0
0
0
0
0
0
0
0
0
0
0
0
0
0
0
0
0
0
0
0
0
0
0
0
0
0
0
0
0
0
0
0
0
0
0
0
0
0
0
0
0
0
0
0
0
0
0
0
0
0
0
0
0
0
0
0
0
0
0
0
0
0
0
0
0
0
0
0
0
0
0
0
0
0
0
0
0
0
0
0
0
0
0
0
0
0
0
0
0
0
0
0
0
0
0
0
0
0
0
0
0
0
0
0
0
0
0
0
0
0
0
0
0
0
0
0
0
0
0
0
0
0
0
0
0
0
0
0
0
0
0
0
0
0
0
0
0
0
0
0
0
0
0
0
0
0
0
0
0
0
0
0
0
0
0
0
0
0
0
0
0
0
0
0
0
0
0
0
0
0
0
0
0
0
0
0
0
0
0
0
0
0
0
0
0
0
0
0
0
0
0
0
0
0
0
0
0
0
0
0
0
0
0
0
0
0
0
0
0
0
0
0
0
0
0
0
0
0
0
0
0
0
0
0
0
0
0
0
0
0
0
0
0
0
0
0
0
0
0
0
0
0
0
0
0
0
0
0
0
0
0
0
0
0
0
0
0
0
0
0
0
0
0
0
0
0
0
0
0
0
0
0
0
0
0
0
0
0
0
0
0
0
0
0
0
0
0
0
0
0
0
0
0
0
0
0
0
0
0
0
0
0
0
0
0
0
0
0
0
0
0
0
0
0
0
0
0
0
0
0
0
0
0
0
0
0
0
0
0
0
0
0
0
0
0
0
0
0
0
0
0
0
0
0
0
0
0
0
0
0
0
0
0
0
0
0
0
0
0
0
0
0
0
0
0
0
0
0
0
0
0
0
0
0
0
0
0
0
0
0
0
0
0
0
0
0
0
0
0
0
0
0
0
0
0
0
0
0
0
0
0
0
0
0
0
0
0
0
0
0
0
0
0
0
0
0
0
0
0
0
0
0
0
0
0
0
0
0
0
0
0
0
0
0
0
0
0
0
0
0
0
0
0
0
0
0
0
0
0
0
0
0
0
0
0
0
0
0
0
0
0
0
0
0
0
0
0
0
0
0
0
0
0
0
0
0
0
0
0
0
0
0
0
0
0
0
0
0
0
0
0
0
0
0
0
0
0
0
0
0
0
0
0
0
0
0
0
0
0
0
0
0
0
0
0
0
0
0
0
0
0
0
0
0
0
0
0
0
0
0
0
0
0
0
0
0
0
0
0
0
0
0
0
0
0
0
0
0
0
0
0
0
0
0
0
0
0
0
0
0
0
0
0
0
0
0
0
0
0
0
0
0
0
0
0
0
0
0
0
0
0
0
0
0
0
0
0
0
0
0
0
0
0
0
0
0
0
0
0
0
0
0
0
0
0
0
0
0
0
0
0
0
0
0
0
0
0
0
0
0
0
0
0
0
0
0
0
0
0
0
0
0
0
0
0
0
0
0
0
0
0
0
0
0
0
0
0
0
0
0
0
0
0
0
0
0
0
0
0
0
0
0
0
0
0
0
0
0
0
0
0
0
0
0
0
0
0
0
0
0
0
0
0
0
0
0
0
0
0
0
0
0
0
0
0
0
0
0
0
0
0
0
0
0
0
0
0
0
0
0
0
0
0
0
0
0
0
0
0
0
0
0
0
0
0
0
0
0
0
0
0
0
0
0
0
0
0
0
0
0
0
0
0
0
0
0
0
0
0
0
0
0
0
0
0
0
0
0
0
0
0
0
0
0
0
0
0
0
0
0
0
0
0
0
0
0
0
0
0
0
0
0
0
0
0
0
0
0
0
0
0
0
0
0
0
0
0
0
0
0
0
0
0
0
0
0
0
0
0
0
0
0
0
0
0
0
0
0
0
0
0
0
0
0
0
0
0
0
0
0
0
0
0
0
0
0
0
0
0
0
0
0
0
0
0
0
0
0
0
0
0
0
0
0
0
0
0
0
0
0
0
0
0
0
0
0
0
0
0
0
0
0
0
0
0
0
0
0
0
0
0
0
0
0
0
0
0
0
0
0
0
0
0
0
0
0
0
0
0
0
0
0
0
0
0
0
0
0
0
0
0
0
0
0
0
0
0
0
0
0
0
0
0
0
0
0
0
0
0
0
0
0
0
0
0
0
0
0
0
0
0
0
0
0
0
0
0
0
0
0
0
0
0
0
0
0
0
0
0
0
0
0
0
0
0
0
0
0
0
0
0
0
0
0
0
0
0
0
0
0
0
0
0
0
0
0
0
0
0
0
0
0
0
0
0
0
0
0
0
0
0
0
0
0
0
0
0
0
0
0
0
0
0
0
0
0
0
0
0
0
0
0
0
0
0
0
0
0
0
0
0
0
0
0
0
0
0
0
0
0
0
0
0
0
0
0
0
0
0
0
0
0
0
0
0
0
0
0
0
0
0
0
0
0
0
0
0
0
0
0
0
0
0
0
0
0
0
0
0
0
0
0
0
0
0
0
0
0
0
0
0
0
0
0
0
0
0
0
0
0
0
0
0
0
0
0
0
0
0
0
0
0
0
0
0
0
0
0
0
0
0
0
0
0
0
0
0
0
0
0
0
0
0
0
0
0
0
0
0
0
0
0
0
0
0
0
0
0
0
0
0
0
0
0
0
0
0
0
0
0
0
0
0
0
0
0
0
0
0
0
0
0
0
0
0
0
0
0
0
0
0
0
0
0
0
0
0
0
0
0
0
0
0
0
0
0
0
0
0
0
0
0
0
0
0
0
0
0
0
0
0
0
0
0
0
0
0
0
0
0
0
0
0
0
0
0
0
0
0
0
0
0
0
0
0
0
0
0
0
0
0
0
0
0
0
0
0
0
0
0
0
0
0
0
0
0
0
0
0
0
0
0
0
0
0
0
0
0
0
0
0
0
0
0
0
