0
-8.423044053835143
-0.012978865014513286
-7.9951846733724246
-3.1513356238726877
14.964176856411006
-4.59498940682625
-15.20200568279849
-19.54391978131863
-6.129647258736779
-7224908.991384236
13.359929315291389
-10.365429303912633
2.0452244859669872
-10.94850893257535
-7224885.482835781
-2.3142100771142475
2.567845210826237
9.23972409188262
22.040707848558668
-7224925.230181836
35.69403669778935
2.85117240115014
0.027379834472356035
20.016343555471394
-7224914.954138184
-11.756536619590698
-9.910245672240336
-3.2170623941763
6.6223667927279095
-7224913.36374251
-1.8385377826407558
5.942485281283863
-11.443206540217743
0.5643459031243294
-7224893.116250514
18.361467094454632
10.271236515824459
2.0168520813334387
-20.914304427586547
1.3991640288043534
0.37116239585261457
41.691376045300174
2.6068200732255926
-17.22115306963079
-15.796295173864554
7.8665116705685785
8.85757476506743
-8.344838933311749
0.48508076024432745
-24.48704757556638
-16.106621040091717
-12.110958550711121
11.099352466319978
-11.96211142262862
-6.813057631130544
3.5043329687991633
2.850786157510931
-10.572415842609779
-11.32425632191935
15.237086504109431
-16.403979488283806
-3.6625597688788285
3.447512563948072
-5.3454543061798105
-31.01517491043825
-22.609687683456794
-19.0862736106548
4.243566465050289
-5.608188350294966
-1.4737818737198838
-11.121169416808886
2.435113955427532
-6.962360011379909
7.022787765030994
-28.283299289023304
-6.636486517468216
-10.434048289957179
5.202139926575929
2.6619137942875275
14.732807208289259
43.322207268946116
-4.705650016514848
17.75956351335819
31.479074537273704
13.853481013581689
-7.9282293775765185
3.3131343712124735
6.8809853398560525
-4.733893315800747
-15.158403651680105
-10.817771812842265
2.516890913910965
12.544157164565206
-8.029348831234802
-1.499331928445573
-33.49303000462221
-5.612386722867155
-11.206206740091506
-5.282194441427965
19.48071694232864
6.21233678015978
-21.186611491214848
10.896623462426486
8.948003686104201
-9.895276092528
-13.320736882003875
11.67231222414976
-3.280350453891259
4.473668370133527
-11.641535756795697
20.145108605816702
-23.414312941022217
-4.222151409918985
23.596531631685913
6.125762898029397
-13.243602853956865
-6.394175797235221
-7.750876941022209
21.348539671530283
10.193503503216974
-14.893833807620833
0.9378741760738194
20.685733394007237
6.291497487793226
1.8220891985964143
-0.371043030813917
-22.430262303920838
-7.203877013865866
-24.770609784914694
-4.622406865118485
0.2656118473042248
31.699756162805798
31.090599098115163
12.170046370647164
-0.6231180894777673
-7.026809018516983
1.3110127316845577
23.786920197689795
-14.790041203427444
-1.3596089704421663
-0.12536129065843404
-15.189776410022812
7.87965598772016
5.578676704481101
-15.812318963675688
9.154907841673246
13.856406460551018
16.958971715547907
-9.90006924422694
36.865932977913616
4.923238701649724
13.906146153689534
-24.556000853466067
-7.022165733646925
-24.61897078278038
34.56748856035939
1.5504465790523212
-3.428669253198035
-49.52994629302354
18.366998220907405
0.9155997302911061
20.000561006931903
11.29680034364635
-1.4120388476297652
-48.73298141207644
-3.81426984146471
-15.737329940321299
-24.054576942789886
-2.760398873344731
4.6984865515932945
17.35975506675573
-9.42961288569495
-10.733430661598938
-6.037037003678374
-9.837598819388884
5.2693743017119985
-35.2418096405454
-3.702093501477995
-9.316211474234956
-8.51754895490493
-16.439259318046243
-14.72344487439841
29.566156569544113
9.343486781650434
5.32600235848829
13.937472343545513
20.709912738582883
2.299851557342114
26.888231332606427
1.620600621942013
-3.4505441958953966
-22.052275640684872
-9.171732787458772
-33.66295424354362
-11.402563934461199
-16.887439923042464
-12.373121522306052
9.910207300642767
9.328626026609872
8.346420621394572
12.458742940859366
-2.6962115432025837
18.867781538534018
-6.583020445495945
0.7811318314721583
-5.18427671693638
3.9455696446227466
9.850528777143712
17.961855064467187
-0.5418607680520946
-9.690114619011528
-7.373408723683045
-21.85865940234083
20.126477607043228
-2.062149020972922
-6.22864758448813
14.180834355187844
5.244584443648754
4.8809032734278315
5.719073936904769
0
0
0
0
0
0
0
0
0
0
0
0
0
0
0
0
0
0
0
0
0
0
0
0
0
8.69211915895215E-310
1.193163561853E-311
1.1931635617817E-311
1.2142E-319
0
0
0
0
0
0
0
0
0
0
0
0
0
0
0
0
0
0
0
0
0
0
0
0
0
0
0
0
0
0
0
0
0
0
0
0
0
0
0
0
0
0
0
0
0
0
0
0
0
0
0
0
0
0
0
0
0
0
0
0
0
0
0
0
0
0
0
0
0
0
0
0
0
0
0
0
0
0
0
0
0
0
0
0
0
0
0
0
0
0
0
0
0
0
0
0
0
0
0
0
0
0
0
0
0
0
0
0
0
0
0
0
0
0
0
0
0
0
0
0
0
0
0
0
0
0
0
0
0
0
0
0
0
0
0
0
0
0
0
0
0
0
0
0
0
0
0
0
0
0
0
0
0
0
0
0
0
0
0
0
0
0
0
0
0
0
0
0
0
0
0
0
0
0
0
0
0
0
0
0
0
0
0
0
0
0
0
0
0
0
0
