0
0
0
0
0
-9.42042888141259E-10
0
0
0
0
2.7767018684343725E-09
0
0
0
0
-5.275975212271078E-10
0
0
0
0
4.5275605486949644E-10
0
0
0
0
1.4412244730976909E-09
0
0
0
0
1.7281944764135915E-09
0
0
0
0
2.7926851942083886E-09
0
0
0
0
2.9441364901572342E-09
0
0
0
0
-3.1600677630194696E-10
0
0
0
0
2.309242574938253E-09
0
0
0
0
1.2249281589049588E-09
0
0
0
0
-2.508926399968914E-10
0
0
0
0
2.547592359292139E-09
0
0
0
0
7.567990678580827E-11
0
0
0
0
1.203261490445584E-09
0
0
0
0
-4.143405618606266E-10
0
0
0
0
-1.7256542861332491E-09
0
0
0
0
1.3897647477278952E-09
0
0
0
0
1.4003553872043994E-09
0
0
0
0
4.305213963107235E-09
0
0
0
0
5.599503083431046E-10
0
0
0
0
8.991563049676188E-10
0
0
0
0
1.5262990871178772E-09
0
0
0
0
-8.924594396830798E-10
0
0
0
0
1.6075496489520447E-09
0
0
0
0
4.8225317073047336E-09
0
0
0
0
3.654422542354041E-09
0
0
0
0
1.2528111881238146E-09
0
0
0
0
-2.8867024326473256E-09
0
0
0
0
-2.3314541408581135E-09
0
0
0
0
1.2995027276474502E-09
0
0
0
0
7.438680782456686E-10
0
0
0
0
-1.989455711282062E-09
0
0
0
0
-1.7966783616429893E-10
0
0
0
0
1.3572245549653417E-09
0
0
0
0
8.46663184006502E-10
0
0
0
0
1.5426930843887021E-09
0
0
0
0
2.5889796972933254E-09
0
0
0
0
9.038103598868474E-11
0
0
0
0
-1.6989503137665452E-09
0
0
0
0
-3.259629011154175E-09
0
0
0
0
3.701927653310122E-11
0
0
0
0
3.6670826375484467E-09
0
0
0
0
2.196665960241262E-09
0
0
0
0
4.016328603029251E-09
0
0
0
0
-1.3597016845778853E-09
0
0
0
0
-3.4924596548080444E-09
0
0
0
0
-2.823288269837576E-10
0
0
0
0
-9.313225746154785E-10
0
0
0
0
-6.164531107799576E-10
0
0
0
0
9.313225746154785E-10
0
0
0
0
4.654332030895603E-09
0
0
0
0
4.656612873077393E-10
0
0
0
0
1.6147509995789733E-09
0
0
0
0
-2.837623469531536E-10
0
0
0
0
-9.282832280632647E-10
0
0
0
0
2.6775524020195007E-09
0
0
0
0
-5.142295478322012E-10
0
0
0
0
0
0
0
0
0
9.711202952900067E-10
0
0
0
0
0
0
0
0
0
-1.5535412956069194E-09
0
0
0
0
1.3969838619232178E-09
0
0
0
0
5.012186221620141E-10
0
0
0
0
0
0
0
0
0
-3.259629011154175E-09
0
0
0
0
5.820766091346741E-09
0
0
0
0
-1.3969838619232178E-09
0
0
0
0
-2.561137080192566E-09
0
0
0
0
7.916241884231567E-09
0
0
0
0
5.820766091346741E-10
0
0
0
0
-1.5133991837501526E-09
0
0
0
0
7.8580342233181E-10
0
0
0
0
2.939486876130104E-09
0
0
0
0
-6.369409724266971E-09
0
0
0
0
-1.945627494843448E-09
0
0
0
0
-6.36105148021336E-09
0
0
0
0
-5.3216718278245576E-09
0
0
0
0
-3.4088772142719347E-10
0
0
0
0
8.814131482632601E-09
0
0
0
0
-3.0100818793930832E-09
0
0
0
0
-1.6298145055770874E-09
0
0
0
0
-5.529295696991583E-09
0
0
0
0
1.1641532182693481E-09
0
0
0
0
2.154010238305236E-09
0
0
0
0
2.3283064365386963E-10
0
0
0
0
6.987635240002001E-10
0
0
0
0
0
0
0
0
0
-4.92858655806274E-09
0
0
0
0
2.852175384759903E-09
0
0
0
0
2.2771079921499795E-09
0
0
0
0
7.55902879418596E-09
0
0
0
0
1.2279411848091785E-09
0
0
0
0
-1.6298145055770874E-09
0
0
0
0
-2.499990969397471E-09
0
0
0
0
-9.313225746154785E-10
0
0
0
0
-5.488043606111812E-10
0
0
0
0
1.862645149230957E-09
0
0
0
0
-3.6771889066842503E-09
0
0
0
0
1.0477378964424133E-09
0
0
0
0
-1.966378782304044E-09
0
0
0
0
-2.5815826191338792E-09
0
0
0
0
-1.9189396338348707E-10
0
0
0
0
-9.269934288577683E-10
0
0
0
0
6.776650918907724E-12
0
0
0
0
5.3551048040390015E-09
0
0
0
0
-1.6986391465551707E-09
0
0
0
0
-2.0140608460332846E-09
0
0
0
0
4.63463649078531E-12
0
0
0
0
6.99916427018649E-10
0
0
0
0
-3.5374862392478713E-09
0
0
0
0
1.637946046316722E-09
0
0
0
0
-2.1563641722614104E-09
0
0
0
0
-1.4293132207437174E-09
0
0
0
0
-1.1125515378437991E-09
0
0
0
0
-1.0723357249943375E-09
0
0
0
0
2.2438597913712894E-10
0
0
0
0
-1.6250498693951287E-09
0
0
0
0
-2.8023556445615167E-09
0
0
0
0
-1.7428269405645788E-09
0
0
0
0
-4.289809492537936E-09
0
0
0
0
2.2691205573390093E-09
0
0
0
0
-1.8045937744149244E-09
0
0
0
0
-1.1837934926984831E-09
0
0
0
0
3.0074366470111275E-09
0
0
0
0
-1.0390008229872467E-09
0
0
0
0
-6.773209638647531E-10
0
0
0
0
-1.1859456619209782E-09
0
0
0
0
-1.380940605713556E-09
0
0
0
0
9.646287104652457E-10
0
0
0
0
1.2377247520009313E-09
0
0
0
0
-8.40313321815269E-10
0
0
0
0
-5.818815736698538E-09
0
0
0
0
-2.521762486726733E-09
0
0
0
0
2.2980143850090704E-09
0
0
0
0
9.925342764107359E-10
0
0
0
0
8.470397163954304E-10
0
0
0
0
1.20261159539261E-09
0
0
0
0
7.706565157247993E-10
0
0
0
0
-1.1554817900923515E-09
0
0
0
0
1.0043658294795059E-09
0
0
0
0
3.376531384766166E-09
0
0
0
0
7.966771606648596E-10
0
0
0
0
-2.3498645381955713E-10
0
0
0
0
5.381583608556663E-10
0
0
0
0
-2.3650106768437166E-09
0
0
0
0
0
0
0
0
0
-4.244859568379487E-10
0
0
0
0
-1.6713965308259073E-09
0
0
0
0
1.9196664388296186E-10
0
0
0
0
-3.1441718037827574E-09
0
0
0
0
-1.6462594590288959E-09
0
0
0
0
-6.6389022143634E-11
0
0
0
0
-2.29492794561341E-09
0
0
0
0
2.320469062000707E-09
0
0
0
0
8.444051829133779E-10
0
0
0
0
1.432878759838003E-09
0
0
0
0
-1.4474992310100265E-09
0
0
0
0
-5.620803218462121E-10
0
0
0
0
2.8642067818694738E-09
0
0
0
0
-4.549497704046977E-10
0
0
0
0
-1.817739818662047E-10
0
0
0
0
2.8398757274897526E-09
0
0
0
0
1.6271647360616897E-09
0
0
0
0
6.685007208489764E-10
0
0
0
0
8.92257032949256E-10
0
0
0
0
-1.6407714208473918E-09
0
0
0
0
1.8096362613806485E-10
0
0
0
0
4.468506772865657E-09
0
0
0
0
1.4859802127898961E-09
0
0
0
0
1.364854862464553E-09
0
0
0
0
1.8602340786676011E-09
0
0
0
0
-1.573475476116689E-09
0
0
0
0
-1.32898075653245E-09
0
0
0
0
2.034864684887084E-09
0
0
0
0
8.413389954201321E-10
0
0
0
0
9.505213034379483E-10
0
0
0
0
3.8713449590512135E-10
0
0
0
0
-8.198920006777118E-10
0
0
0
0
-3.0888747374621565E-10
0
0
0
0
1.7415919556888095E-09
0
0
0
0
-1.182360255002061E-09
0
0
0
0
-2.1926892060031355E-09
0
0
0
0
-2.3661906567244265E-09
0
0
0
0
-1.6023468212662314E-09
0
0
0
0
-1.920626396657131E-09
0
0
0
0
1.0584401416353205E-09
0
0
0
0
5.3551048040390015E-09
0
0
0
0
1.4025706546065358E-09
0
0
0
0
5.5253986410216935E-09
0
0
0
0
1.350334418057324E-09
0
0
0
0
1.0323201520625044E-08
0
0
0
0
-3.865933628498798E-09
0
0
0
0
1.0477378964424133E-09
0
0
0
0
-2.27424614715119E-10
0
0
0
0
1.862645149230957E-09
0
0
0
0
2.0588311365706135E-10
0
0
0
0
-9.313225746154785E-10
0
0
0
0
1.027774842611974E-09
0
0
0
0
-1.6298145055770874E-09
0
0
0
0
2.584315991796093E-09
0
0
0
0
1.1066367243064992E-09
0
0
0
0
3.503004396570247E-09
0
0
0
0
2.852175384759903E-09
0
0
0
0
-2.038359795096902E-09
0
0
0
0
0
0
0
0
0
-1.4583021781938478E-09
0
0
0
0
2.3283064365386963E-10
0
0
0
0
-4.997459571906432E-10
0
0
0
0
1.1641532182693481E-09
0
0
0
0
-1.6213186258900818E-09
0
0
0
0
-1.6298145055770874E-09
0
0
0
0
2.1611415554664768E-10
0
0
0
0
2.36173941275314E-09
0
0
0
0
1.272210296042672E-09
0
0
0
0
1.1307202420549042E-09
0
0
0
0
1.7044386071359671E-09
0
0
0
0
4.506764575036014E-09
0
0
0
0
8.298234561249091E-11
0
0
0
0
2.939486876130104E-09
0
0
0
0
-5.666588647547652E-09
0
0
0
0
2.461438246472853E-09
0
0
0
0
3.808272644074405E-09
0
0
0
0
-6.485825046093906E-09
0
0
0
0
1.845928661123735E-09
0
0
0
0
1.8292121730165131E-09
0
0
0
0
-2.5109876158709005E-09
0
0
0
0
-1.6465309936843094E-09
0
0
0
0
9.146060865082566E-10
0
0
0
0
-2.9988685098870896E-09
0
0
0
0
-6.984919309616089E-10
0
0
0
0
4.155210300018238E-10
0
0
0
0
-2.3115899484314743E-09
0
0
0
0
6.248455928978839E-10
0
0
0
0
-1.6130980174698654E-09
0
0
0
0
-1.3302405450448543E-09
0
0
0
0
4.897501713323064E-09
0
0
0
0
3.926065923526619E-09
0
0
0
0
3.579953290232245E-10
0
0
0
0
1.8160841479273367E-09
0
0
0
0
2.9933653912858613E-09
0
0
0
0
-1.9557181984186546E-09
0
0
0
0
2.544420592085344E-09
0
0
0
0
1.5968925407219897E-09
0
0
0
0
-9.313225746154785E-10
0
0
0
0
5.513557955802128E-10
0
0
0
0
3.4924596548080444E-10
0
0
0
0
-3.045007462277904E-09
0
0
0
0
-2.2242784570612732E-09
0
0
0
0
1.7923776436279465E-09
0
0
0
0
5.799720457481809E-09
0
0
0
0
-1.2282695802290965E-09
0
0
0
0
-2.561137080192566E-09
0
0
0
0
1.935046657137121E-09
0
0
0
0
3.3305349653767677E-09
0
0
0
0
-3.0773463266795286E-10
0
0
0
0
-1.8716095870193088E-09
0
0
0
0
3.500307506084268E-10
0
0
0
0
1.1364939814988687E-09
0
0
0
0
-7.173535387376958E-10
0
0
0
0
-2.7413004623686346E-09
0
0
0
0
4.039689354364781E-10
0
0
0
0
-6.968084422450192E-10
0
0
0
0
-1.141365089810366E-09
0
0
0
0
-2.0595552185025066E-09
0
0
0
0
-1.109354780168063E-09
0
0
0
0
5.714101845706244E-10
0
0
0
0
7.304928239702693E-10
0
0
0
0
8.330175787039561E-10
0
0
0
0
1.7409379921659988E-09
0
0
0
0
-8.060397049305984E-10
0
0
0
0
-1.3346598330319973E-09
0
0
0
0
-3.9703801175595703E-10
0
0
0
0
-7.59097386702167E-10
0
0
0
0
1.6301321884168173E-10
0
0
0
0
6.674584702086828E-10
0
0
0
0
-1.0366665810542048E-09
0
0
0
0
9.229238915434544E-12
0
0
0
0
-2.2511206139978475E-10
0
0
0
0
-2.636097529587021E-10
0
0
0
0
-1.8594552563947915E-10
0
0
0
0
2.0700429063794594E-09
0
0
0
0
-4.511400021977591E-09
0
0
0
0
-5.236961038935509E-10
0
0
0
0
1.198297259430698E-09
0
0
0
0
-1.5946047104030693E-09
0
0
0
0
2.869165272153761E-09
0
0
0
0
-5.145300387913326E-10
0
0
0
0
-2.220878199964196E-09
0
0
0
0
-2.6867944286965214E-09
0
0
0
0
2.3796440797879202E-09
0
0
0
0
-1.8135058571210335E-09
0
0
0
0
1.6835471086795532E-09
0
0
0
0
0
0
0
0
0
-1.021572189354705E-09
0
0
0
0
1.9818625190658464E-09
0
0
0
0
-1.467388919486564E-09
0
0
0
0
-2.401149859410361E-09
0
0
0
0
3.917784815187011E-09
0
0
0
0
-7.783912867661397E-10
0
0
0
0
1.4629995769208547E-09
0
0
0
0
-1.7942666953153495E-09
0
0
0
0
1.903448307746963E-10
0
0
0
0
-1.1952346716025683E-09
0
0
0
0
3.866046917688221E-09
0
0
0
0
-1.3712418893277948E-09
0
0
0
0
-1.940032090534689E-09
0
0
0
0
1.057271777948019E-09
0
0
0
0
2.3463059486054482E-09
0
0
0
0
-8.60319104165722E-10
0
0
0
0
2.3054010318864033E-09
0
0
0
0
-1.0605865468462762E-10
0
0
0
0
2.6816943617653826E-09
0
0
0
0
-1.9897935059876477E-09
0
0
0
0
1.3724568685527073E-09
0
0
0
0
2.0762390754900987E-09
0
0
0
0
2.931805934640878E-09
0
0
0
0
6.097922235427615E-09
0
0
0
0
1.357786403967285E-09
0
0
0
0
1.3955254511325815E-10
0
0
0
0
-1.0797040360239696E-09
0
0
0
0
7.69093627580945E-10
0
0
0
0
-5.826583405539654E-10
0
0
0
0
-1.1219693189704268E-09
0
0
0
0
1.140737779979536E-09
0
0
0
0
1.1828026675651018E-09
0
0
0
0
-2.753459740027175E-09
0
0
0
0
-1.3433625035137468E-09
0
0
0
0
-3.671038111627193E-09
0
0
0
0
5.064183832263311E-10
0
0
0
0
2.72947092454139E-09
0
0
0
0
-1.6006055198997362E-09
0
0
0
0
-5.130766986861032E-10
0
0
0
0
2.3733828146637887E-10
0
0
0
0
-2.561137080192566E-09
0
0
0
0
2.6275568916884206E-10
0
0
0
0
-3.8788676473373845E-09
0
0
0
0
1.5691662884731388E-09
0
0
0
0
1.0019175778784577E-09
0
0
0
0
-6.352060050273894E-10
0
0
0
0
3.4924596548080444E-10
0
0
0
0
-3.153679485451113E-09
0
0
0
0
-9.313225746154785E-10
0
0
0
0
-1.9860576852762163E-09
0
0
0
0
-6.817754428543869E-10
0
0
0
0
2.67332372897221E-09
0
0
0
0
-3.4590266785936005E-09
0
0
0
0
4.866389093498787E-09
0
0
0
0
-2.8682007059165064E-09
0
0
0
0
4.63182092009207E-09
0
0
0
0
-4.781086391496129E-09
0
0
0
0
4.4066502069054085E-10
0
0
0
0
1.6130980174698654E-09
0
0
0
0
-9.632446794281006E-10
0
0
0
0
9.146060865082566E-10
0
0
0
0
1.4081082176085461E-09
0
0
0
0
-6.984919309616089E-10
0
0
0
0
2.8436397911192593E-09
0
0
0
0
-2.3115899484314743E-09
0
0
0
0
-4.87272702862404E-09
0
0
0
0
7.167600488948293E-09
0
0
0
0
-4.623179896862949E-09
0
0
0
0
-1.3802673738159958E-09
0
0
0
0
-3.3432976214443905E-11
0
0
0
0
-2.644119425805057E-09
0
0
0
0
5.6876342814125835E-09
0
0
0
0
7.238195492211272E-09
0
0
0
0
2.939486876130104E-09
0
0
0
0
-3.4924596548080444E-10
0
0
0
0
-4.307366907596588E-09
0
0
0
0
-2.3283064365386963E-09
0
0
0
0
6.28642737865448E-09
0
0
0
0
3.259629011154175E-09
0
0
0
0
6.984919309616089E-10
0
0
0
0
1.3969838619232178E-09
0
0
0
0
-6.51925802230835E-09
0
0
0
0
-2.9360638365005798E-09
0
0
0
0
-2.3283064365386963E-09
0
0
0
0
2.3047981301260734E-09
0
0
0
0
6.51925802230835E-09
0
0
0
0
-2.9509126253657314E-09
0
0
0
0
-5.587935447692871E-09
0
0
0
0
-3.328988418260792E-09
0
0
0
0
-2.9103830456733704E-09
0
0
0
0
1.6515162570840403E-09
0
0
0
0
-5.871697794646025E-09
0
0
0
0
-1.5884467075011344E-09
0
0
0
0
-2.3283064365386963E-09
0
0
0
0
-2.404512144948967E-09
0
0
0
0
-6.51925802230835E-09
0
0
0
0
1.3048837566032034E-09
0
0
0
0
-9.313225746154785E-10
0
0
0
0
-2.01828065371501E-09
0
0
0
0
6.984919309616089E-10
0
0
0
0
-3.7087914961375645E-09
0
0
0
0
6.402842700481415E-10
0
0
0
0
3.165919082448454E-09
0
0
0
0
9.89530235528946E-10
0
0
0
0
-4.808526909982902E-10
0
0
0
0
-2.3283064365386963E-09
0
0
0
0
-4.618996740646253E-09
0
0
0
0
9.395364486408653E-10
0
0
0
0
-1.7895835924264247E-09
0
0
0
0
8.373266524586143E-10
0
0
0
0
8.074518831335808E-10
0
0
0
0
2.3241852886712877E-11
0
0
0
0
-1.8246737454319373E-10
0
0
0
0
-5.009356485174976E-09
0
0
0
0
1.7955050779505655E-09
0
0
0
0
-1.5820997845139573E-09
0
0
0
0
6.69569288902494E-10
0
0
0
0
-2.418522271341317E-09
0
0
0
0
-1.8476331575811855E-09
0
0
0
0
3.2871714239490757E-09
0
0
0
0
-1.7501449178780604E-09
0
0
0
0
-1.1392398135967596E-09
0
0
0
0
-2.5994726371436627E-09
0
0
0
0
2.9126923095645907E-10
0
0
0
0
-3.400504766659651E-09
0
0
0
0
-6.773319682906731E-10
0
0
0
0
3.2248337333840027E-10
0
0
0
0
-1.943210037325116E-09
0
0
0
0
1.2059970799782604E-09
0
0
0
0
9.156941871424351E-11
0
0
0
0
-1.1532517163459488E-09
0
0
0
0
-6.434497379359527E-10
0
0
0
0
-1.1439382774369733E-09
0
0
0
0
2.1744384071098466E-11
0
0
0
0
3.6223717359007424E-09
0
0
0
0
4.865703395751098E-10
0
0
0
0
-1.211311939641746E-09
0
0
0
0
5.910862910241121E-10
0
0
0
0
4.0951153579271704E-10
0
0
0
0
-6.185381096202036E-10
0
0
0
0
1.0278160544885395E-09
0
0
0
0
-1.535824800669161E-10
0
0
0
0
-3.800286307864553E-09
0
0
0
0
-3.5721630098350943E-09
0
0
0
0
-2.2920335629450506E-09
0
0
0
0
-2.6766229233032846E-09
0
0
0
0
0
0
0
0
0
0
0
0
0
0
0
0
0
0
0
0
0
0
0
0
0
0
0
0
0
0
0
0
0
0
0
0
0
0
0
0
0
0
0
0
0
0
0
0
0
0
0
0
0
0
0
0
0
0
0
0
0
0
0
0
0
0
0
0
0
0
0
0
0
0
0
0
0
0
0
0
0
0
0
0
0
0
0
0
0
0
0
0
0
0
0
0
0
0
0
0
0
0
0
0
0
0
0
0
0
0
0
0
0
0
0
0
0
0
0
0
0
0
0
0
0
0
0
0
0
0
0
0
0
0
0
0
0
0
0
0
0
0
0
0
0
0
0
0
0
0
0
0
0
0
0
0
0
0
0
0
0
0
0
0
0
0
0
0
0
0
0
0
0
0
0
0
0
0
0
0
0
0
0
0
0
0
0
0
0
0
0
0
0
0
0
0
0
0
0
0
0
0
0
0
0
0
0
0
0
0
0
0
0
0
0
0
0
0
0
0
0
0
0
0
0
0
0
0
0
0
0
0
0
0
0
0
0
0
0
0
0
0
0
0
0
0
0
0
0
0
0
0
0
0
0
0
0
0
0
0
0
0
0
0
0
0
0
0
0
0
0
0
0
0
0
0
0
0
0
0
0
0
0
0
0
0
0
0
0
0
0
0
0
0
0
0
0
0
0
0
0
0
0
0
0
0
0
0
0
0
0
0
0
0
0
0
0
0
0
0
0
0
0
0
0
0
0
0
0
0
0
0
0
0
0
0
0
0
0
0
0
0
0
0
0
0
0
0
0
0
0
0
0
0
0
0
0
0
0
0
0
0
0
0
0
0
0
0
0
0
0
0
0
0
0
0
0
0
0
0
0
0
0
0
0
0
0
0
0
0
0
0
0
0
0
0
0
0
0
0
0
0
0
0
0
0
0
0
0
0
0
0
0
0
0
0
0
0
0
0
0
0
0
0
0
0
0
0
0
0
0
0
0
0
0
0
0
0
0
0
0
0
0
0
0
0
0
0
0
0
0
0
0
0
0
0
0
0
0
0
0
0
0
0
0
0
0
0
0
0
0
0
0
0
0
0
0
0
0
0
0
0
0
0
0
0
0
0
0
0
0
0
0
0
0
0
0
0
0
0
0
0
0
0
0
0
0
0
0
0
0
0
0
0
0
0
0
0
0
0
0
0
0
0
0
0
0
0
0
0
0
0
0
0
0
0
0
0
0
0
0
0
0
0
0
0
0
0
0
0
0
0
0
0
0
0
0
0
0
0
0
0
0
0
0
0
0
0
0
0
0
0
0
0
0
0
0
0
0
0
0
0
0
0
0
0
0
0
0
0
0
0
0
0
0
0
0
0
0
0
0
0
0
0
0
0
0
0
0
0
0
0
0
0
0
0
0
0
0
0
0
0
0
0
0
0
0
0
0
0
0
0
0
0
0
0
0
0
0
0
0
0
0
0
0
0
0
0
0
0
0
0
0
0
0
0
0
0
0
0
0
0
0
0
0
0
0
0
0
0
0
0
0
0
0
0
0
0
0
0
0
0
0
0
0
0
0
0
0
0
0
0
0
0
0
0
0
0
0
0
0
0
0
0
0
0
0
0
0
0
0
0
0
0
0
0
0
0
0
0
0
0
0
0
0
0
0
0
0
0
0
0
0
0
0
0
0
0
0
0
0
0
0
0
0
0
0
0
0
0
0
0
0
0
0
0
0
0
0
0
0
0
0
0
0
0
0
0
0
0
0
0
0
0
0
0
0
0
0
0
0
0
0
0
0
0
0
0
0
0
0
0
0
0
0
0
0
0
0
0
0
0
0
0
0
0
0
0
0
0
0
0
0
0
0
0
0
0
0
0
0
0
0
0
0
0
0
0
0
0
0
0
0
0
0
0
0
0
0
0
0
0
0
0
0
0
0
0
0
0
0
0
0
0
0
0
0
0
0
0
0
0
0
0
0
0
0
0
0
0
0
0
0
0
0
0
0
0
0
0
0
0
0
0
0
0
0
0
0
0
0
0
0
0
0
0
0
0
0
0
0
0
0
0
0
0
0
0
0
0
0
0
0
0
0
0
0
0
0
0
0
0
0
0
0
0
0
0
0
0
0
0
0
0
0
0
0
0
0
0
0
0
0
0
0
0
0
0
0
0
0
0
0
0
0
0
0
0
0
0
0
0
0
0
0
0
0
0
0
0
0
0
0
0
0
0
0
0
0
0
0
0
0
0
0
0
0
0
0
0
0
0
0
0
0
0
0
0
0
0
0
0
0
0
0
0
0
0
0
0
0
0
0
0
0
0
0
0
0
0
0
0
0
0
0
0
0
0
0
0
0
0
0
0
0
0
0
0
0
0
0
0
0
0
0
0
0
0
0
0
0
0
0
0
0
0
0
0
0
0
0
0
0
0
0
0
0
0
0
0
0
0
0
0
0
0
0
0
0
0
0
0
0
0
0
0
0
0
0
0
0
0
0
0
0
0
0
0
0
0
0
0
0
0
0
0
0
0
0
0
0
0
0
0
0
0
0
0
0
0
0
0
0
0
0
0
0
0
0
0
0
0
0
0
0
0
0
0
0
0
0
0
0
0
0
0
0
0
0
0
0
0
0
0
0
0
0
0
0
0
0
0
0
0
0
0
0
0
0
0
0
0
0
0
0
0
0
0
0
0
0
0
0
0
0
0
0
0
0
0
0
0
0
0
0
0
0
0
0
0
0
0
0
0
0
0
0
0
0
0
0
0
0
0
0
0
0
0
0
0
0
0
0
0
0
0
0
0
0
0
0
0
0
0
0
0
0
0
0
0
0
0
0
0
0
0
0
0
0
0
0
0
0
0
0
0
0
0
0
0
0
0
0
0
0
0
0
0
0
0
0
0
0
0
0
0
0
0
0
0
0
0
0
0
0
0
0
0
0
0
0
0
0
0
0
0
0
0
0
0
0
0
0
0
0
0
0
0
0
0
0
0
0
0
0
0
0
0
0
0
0
0
0
0
0
0
0
0
0
0
0
0
0
0
0
0
0
0
0
0
0
0
0
0
0
0
0
0
0
0
0
0
0
0
0
0
0
0
0
0
0
0
0
0
0
0
0
0
0
0
0
0
0
0
0
0
0
0
0
0
0
0
0
0
0
0
0
0
0
0
0
0
0
0
0
0
0
0
0
0
0
0
0
0
0
0
0
0
0
0
0
0
0
0
0
0
0
0
0
0
0
0
0
0
0
0
0
0
0
0
0
0
0
0
0
0
0
0
0
0
0
0
0
0
0
0
0
0
0
0
0
0
0
0
0
0
0
0
0
0
0
0
0
0
0
0
0
0
0
0
0
0
0
0
0
0
0
0
0
0
0
0
0
0
0
0
0
0
0
0
0
0
0
0
0
0
0
0
0
0
0
0
0
0
0
0
0
0
0
0
0
0
0
0
0
0
0
0
0
0
0
0
0
0
0
0
0
0
0
0
0
0
0
0
0
0
0
0
0
0
0
0
0
0
0
0
0
0
0
0
0
0
0
0
0
0
0
0
0
0
0
0
0
0
0
0
0
0
0
0
0
0
0
0
0
0
0
0
0
0
0
0
0
0
0
0
0
0
0
0
0
0
0
0
0
0
0
0
0
0
0
0
0
0
0
0
0
0
0
0
0
0
0
0
0
0
0
0
0
0
0
0
0
0
0
0
0
0
0
0
0
0
0
0
0
0
0
0
0
0
0
0
0
0
0
0
0
0
0
0
0
0
0
0
0
0
0
0
0
0
0
0
0
0
0
0
0
0
0
0
0
0
0
0
0
0
0
0
0
0
0
0
0
0
0
0
0
0
0
0
0
0
0
0
0
0
0
0
0
0
0
0
0
0
0
0
0
0
0
0
0
0
0
0
0
0
0
0
0
0
0
0
0
0
0
0
0
0
0
0
0
0
0
0
0
0
0
0
0
0
0
0
0
0
0
0
0
0
0
0
0
0
0
0
0
0
0
0
0
0
0
0
0
0
0
0
0
0
0
0
0
0
0
0
0
0
0
0
0
0
0
0
0
0
0
0
0
0
0
0
0
0
0
0
0
0
0
0
0
0
0
0
0
0
0
0
0
0
0
0
0
0
0
0
0
0
0
0
0
0
0
0
0
0
0
0
0
0
0
0
0
0
0
0
0
0
0
0
0
0
0
0
0
0
0
0
0
0
0
0
0
0
0
0
0
0
0
0
0
0
0
0
0
0
0
0
0
0
0
0
0
0
0
0
0
0
0
0
0
0
0
0
0
0
0
0
0
0
0
0
0
0
0
0
0
0
0
0
0
0
0
0
0
0
0
0
0
0
0
0
0
0
0
0
0
0
0
0
0
0
0
0
0
0
0
0
0
0
0
0
0
0
0
0
0
0
0
0
0
0
0
0
0
0
0
0
0
0
0
0
0
0
0
0
0
0
0
0
0
0
0
0
0
0
0
0
0
0
0
0
0
0
0
0
0
0
0
0
0
0
0
0
0
0
0
0
0
0
0
0
0
0
0
0
0
0
0
0
0
0
0
0
0
0
0
0
0
0
0
0
0
0
0
0
0
0
0
0
0
0
0
0
0
0
0
0
0
0
0
0
0
0
0
0
0
0
0
0
0
0
0
0
0
0
0
0
0
0
0
0
0
0
0
0
0
0
0
0
0
0
0
0
0
0
0
0
0
0
0
0
0
0
0
0
0
0
0
0
0
0
0
0
0
0
0
0
0
0
0
0
0
0
0
0
0
0
0
0
0
0
0
0
0
0
0
0
0
0
0
0
0
0
0
0
0
0
0
0
0
0
0
0
0
0
0
0
0
0
0
0
0
0
0
0
0
0
0
0
0
0
0
0
0
0
0
0
0
0
0
0
0
0
0
0
0
0
0
0
0
0
0
0
0
0
0
0
0
0
0
0
0
0
0
0
0
0
0
0
0
0
0
0
0
0
0
0
0
0
0
0
0
0
0
0
0
0
0
0
0
0
0
0
0
0
0
0
0
0
0
