0
-5.7897686644992064E-11
1.2190248810384219E-12
-1.0369860525827335E-10
1.9701284579652154E-11
-6.566921716343478E-11
-2.0618192786481535E-11
-5.515854439863688E-11
1.7853189947929662E-10
7.99913285068199E-11
2.3047052686662522E-11
1.135713397971204E-10
1.7546956992020014E-10
6.767177981173087E-11
5.820766091346741E-11
6.5163141428007374E-12
-1.5699551737813268E-10
-1.2796687356369096E-11
-5.4948721457819466E-11
5.850421188087858E-11
-3.773561469515457E-10
9.913270204719993E-11
2.2816508657882525E-11
-7.867469748568895E-11
-3.0100978187384464E-10
1.7606907914215738E-10
-4.725402585769101E-11
-7.551718163968129E-11
9.403658745191151E-11
3.9403751955386374E-10
7.024077077697486E-10
-1.4876887939905087E-10
-7.172495179316323E-11
-7.099457252430291E-11
1.9001244059804244E-10
4.734596351752733E-10
2.023391122916059E-10
1.1248453879194972E-10
-2.0210653224062532E-11
6.086687391000697E-11
5.977252420915511E-11
-3.0649178608910615E-10
4.6716115775579155E-11
2.758918846177693E-10
-1.4153347517611166E-10
3.3313957395916377E-10
-1.0951318769241079E-10
1.2982231151035696E-10
2.3017820331832774E-10
0
6.280939535840183E-11
-6.50995787975321E-11
3.412023635459955E-11
-8.263414281083295E-11
1.9568578983259615E-10
-7.011910782350274E-11
6.304179199846315E-11
-8.043655734470287E-11
-7.101013056908084E-11
-1.3341334750468691E-10
-5.04950926296476E-11
6.992410022765027E-12
-1.2452113457683256E-10
4.6143696940107844E-10
1.5019649300848017E-10
1.679867819359446E-10
1.7745141573024904E-10
3.944136293942454E-12
-4.057094516400336E-11
-6.454925545117334E-11
-6.661042626310857E-11
-1.1458662040919322E-10
-3.8432607781025966E-11
-4.1137822361538515E-10
3.703554557904826E-10
3.3058880017916577E-11
1.81411777357738E-10
-4.345593340676093E-11
1.6575250935218255E-10
-4.6072186875673445E-10
5.4931837628948955E-11
-7.23037744580268E-11
-2.013293944399611E-11
2.2702289014422288E-11
-7.863867679663211E-10
-2.0938115846197312E-11
-1.7146367182933568E-10
7.05719100783424E-11
1.9388476700021918E-10
6.895378332610286E-11
6.351995297312857E-11
-1.348412284463948E-11
1.8354772109270753E-10
1.5361036552560617E-10
-1.718424058881456E-10
-4.1268439192093123E-11
-9.968853585424412E-14
1.0249931416109059E-10
8.881784197001252E-16
-1.7315357359747644E-10
8.10561481966547E-11
-1.4225129601638637E-10
-2.0809237876079784E-10
4.5953202561911274E-11
-1.1816939822995563E-10
1.0423441897822855E-11
7.337784074131472E-12
-1.747649731414363E-10
3.0372919688029607E-10
1.4826554990738586E-11
-3.552772204384817E-11
5.518797418328908E-11
-1.2727701922287488E-09
9.753328587999078E-11
-6.546965539830522E-11
-3.051702059465761E-11
1.989121326079114E-10
-5.469674408563979E-10
6.4869770006865225E-12
-6.75671316901992E-11
4.563307526418602E-11
1.2193321941499014E-10
1.2204054025549546E-10
2.867756141149608E-10
-1.0508859009556839E-10
-2.309718013629102E-10
7.865436821067009E-11
-5.40524050050959E-10
2.160203355661077E-11
5.835051544144059E-11
1.70051595469398E-11
3.071253245025943E-11
-2.3359028712525234E-10
6.990518271476857E-11
-4.425003320649309E-11
-5.243575411854214E-11
1.1064103512865241E-10
-4.893668158935553E-10
-1.1267068032350697E-10
-8.699930878870536E-12
-2.117467465641625E-11
1.165110252158011E-10
4.999953057077974E-12
-2.560522835496106E-11
7.261313827905739E-11
-2.6694157555516136E-11
4.8431558509528034E-11
0
-1.2592423744994427E-10
-1.0453953302569557E-10
-6.88246132298265E-11
-1.9204839349602006E-11
-3.3524296809393065E-11
-2.4451369917008768E-11
1.1297242450931158E-11
-1.9336222089795304E-11
-5.430645523654214E-11
3.1718219284137747E-10
-3.864625006604919E-11
-3.432298398295808E-11
-9.125108718708016E-11
2.2113312185256847E-10
-2.3359028712525234E-10
2.7465015096459827E-12
1.303884238316366E-10
3.931933832683974E-11
-7.921659253525581E-11
2.6602495868397374E-10
-8.132689707554777E-11
1.390062194972875E-10
6.462036653225802E-11
-1.568026416063898E-11
-6.304799295927753E-10
-1.2997599377379655E-11
6.697050749596803E-11
1.601968371010667E-11
-2.665763125412712E-10
2.991332034022823E-10
-1.183676085124013E-10
9.370983567163842E-11
-7.550649204987275E-12
-9.337380130922877E-11
4.734596351752733E-10
8.675520950861176E-11
-1.701219132329816E-11
-9.530311531241525E-11
-2.517991670452149E-10
6.979962084103357E-11
-3.7328545395402306E-11
6.3769737256993054E-12
1.3112202336591993E-10
-1.7785826604344726E-11
2.0856543602478922E-10
1.271378198696402E-11
1.2450955020041643E-10
4.419307196599134E-12
0
1.7057219325906876E-10
-9.206839818566803E-12
-4.679272639753582E-11
2.2428937725395373E-11
7.072682781710179E-11
4.736042690272533E-11
-4.803822394880302E-11
8.455339559729313E-12
8.50851327096373E-11
5.232548424955586E-11
1.0478218545418056E-10
6.315931309154659E-11
-1.7524510283743457E-10
3.015547549626404E-10
2.1273143145902026E-11
1.4068105710947404E-11
-2.147448636138734E-11
-1.2311604668837977E-10
4.849864940957163E-11
3.274493011226989E-11
-2.888295298427173E-11
-1.2279322777739629E-10
-1.758287106785572E-10
3.135642141809796E-10
0
0
0
0
0
0
0
0
0
0
0
0
0
0
0
0
0
0
0
0
0
0
0
0
0
0
1.193163561853E-311
1.1931635617817E-311
1.1931635799475E-311
0
0
0
0
0
0
0
0
0
0
0
0
0
0
0
0
0
0
0
0
0
0
0
0
0
0
0
0
0
0
0
0
0
0
0
0
0
0
0
0
0
0
0
0
0
0
0
0
0
0
0
0
0
0
0
0
0
0
0
0
0
0
0
0
0
0
0
0
0
0
0
0
0
0
0
0
0
0
0
0
0
0
0
0
0
0
0
0
0
0
0
0
0
0
0
0
0
0
0
0
0
0
0
0
0
0
0
0
0
0
0
0
0
0
0
0
0
0
0
0
0
0
0
0
0
0
0
0
0
0
0
0
0
0
0
0
0
0
0
0
0
0
0
0
0
0
0
0
0
0
0
0
0
0
0
0
0
0
0
0
0
0
0
0
0
0
0
0
0
0
0
0
0
0
0
0
0
0
0
0
0
0
0
0
0
0
0
0
0
0
0
