0
0
0
0
0
-1.7008083830205578E-09
0
0
0
0
104.6017065016645
0
0
0
0
-5.439915184979327E-11
0
0
0
0
245.84998983843724
0
0
0
0
-2.02879490984742E-09
0
0
0
0
281.95267330294183
0
0
0
0
-2.561661105460189E-09
0
0
0
0
-87.16498809511373
0
0
0
0
-3.0167512932166574E-10
0
0
0
0
-83.15292938268806
0
0
0
0
-5.013323089997357E-10
0
0
0
0
-250.89955834910606
0
0
0
0
7.034657301119296E-10
0
0
0
0
208.88414338079426
0
0
0
0
-3.2858604726015983E-10
0
0
0
0
266.6967351222818
0
0
0
0
-3.4779590318834153E-09
0
0
0
0
177.12008822071024
0
0
0
0
7.774261234771984E-10
0
0
0
0
85.20945509752391
0
0
0
0
1.0035705599875655E-10
0
0
0
0
-120.18357783430847
0
0
0
0
-8.644462923257379E-11
0
0
0
0
336.39164350875893
0
0
0
0
-7.37596650424166E-10
0
0
0
0
120.14060218630246
0
0
0
0
8.844054377732391E-10
0
0
0
0
-185.15044371122744
0
0
0
0
8.569926990276144E-10
0
0
0
0
-36.54134774750102
0
0
0
0
-1.803950766543494E-09
0
0
0
0
-179.38198656025253
0
0
0
0
-9.011813517645351E-11
0
0
0
0
272.57985873737016
0
0
0
0
4.054931057595468E-09
0
0
0
0
29.553105561393473
0
0
0
0
2.1610446765407687E-09
0
0
0
0
-87.94610898475581
0
0
0
0
2.2640307406618376E-09
0
0
0
0
-88.77301676965718
0
0
0
0
3.725290298461914E-09
0
0
0
0
334.47112146473864
0
0
0
0
-1.862645149230957E-09
0
0
0
0
-32.41386368731942
0
0
0
0
3.725290298461914E-09
0
0
0
0
364.3899673322152
0
0
0
0
5.587935447692871E-09
0
0
0
0
-249.49251705014257
0
0
0
0
0
0
0
0
0
339.31504429386274
0
0
0
0
-1.862645149230957E-09
0
0
0
0
273.7931038832056
0
0
0
0
1.862645149230957E-09
0
0
0
0
121.86460182072398
0
0
0
0
1.862645149230957E-09
0
0
0
0
83.68538295833167
0
0
0
0
1.862645149230957E-09
0
0
0
0
108.83506794407842
0
0
0
0
0
0
0
0
0
425.748918219302
0
0
0
0
1.862645149230957E-09
0
0
0
0
-121.31068153676476
0
0
0
0
-1.862645149230957E-09
0
0
0
0
-218.90407179392906
0
0
0
0
0
0
0
0
0
521.6588992550969
0
0
0
0
1.862645149230957E-09
0
0
0
0
-23.8120930865407
0
0
0
0
-5.587935447692871E-09
0
0
0
0
72.01173589006066
0
0
0
0
1.862645149230957E-09
0
0
0
0
108.44697956368327
0
0
0
0
-1.862645149230957E-09
0
0
-0
-0
287.0842189721156
-0
-0
-0
-0
-1.1140037539476827E-09
-0
-0
-0
-0
240.8033332125637
-0
-0
-0
-0
4.656612873077393E-10
-0
-0
-0
-0
-450.7471100618515
-0
-0
-0
-0
2.577853568299788E-09
-0
-0
-0
-0
64.41498900949635
-0
-0
-0
-0
6.817754428543869E-10
-0
-0
-0
-0
89.63324463447108
-0
-0
-0
-0
-1.785812853542509E-10
-0
-0
-0
-0
494.3643405294276
-0
-0
-0
-0
-1.2856311679747826E-09
-0
-0
-0
-0
216.70027138970298
-0
-0
-0
-0
-2.7266862250711084E-09
-0
-0
-0
-0
121.5158072412793
-0
-0
-0
-0
-2.5685650441262496E-12
-0
-0
-0
-0
56.16813806735645
-0
-0
-0
-0
-4.871378549972505E-09
-0
-0
-0
-0
474.53867563735497
-0
-0
-0
-0
3.0464348745982443E-10
-0
-0
-0
-0
-65.11686944807546
-0
-0
-0
-0
-2.569279581424603E-09
-0
-0
-0
-0
20.318734836548998
-0
-0
-0
-0
-5.159966625936487E-09
-0
-0
-0
-0
113.98986281661449
-0
-0
-0
-0
5.5934878949586767E-11
-0
-0
-0
-0
-192.76301012039417
-0
-0
-0
-0
4.044516555438163E-09
-0
-0
-0
-0
360.13483289963483
-0
-0
-0
-0
-4.184163311453459E-09
-0
-0
-0
-0
-70.72842474509926
-0
-0
-0
-0
-7.765009869368101E-10
-0
-0
-0
-0
-327.7049808930724
-0
-0
-0
-0
2.6217563488479234E-09
-0
-0
-0
-0
-441.0992808573903
-0
-0
-0
-0
-2.6306791630546984E-09
-0
-0
-0
-0
310.4208630407092
-0
-0
-0
-0
1.1073752212833558E-09
-0
-0
-0
-0
93.37221854260466
-0
-0
-0
-0
7.040742212197497E-10
-0
-0
-0
-0
-235.65449510469205
-0
-0
-0
-0
8.222603428617487E-10
-0
-0
-0
-0
91.13531851965413
-0
-0
-0
-0
-3.002281529502317E-10
-0
-0
-0
-0
232.7498907613112
-0
-0
-0
-0
1.288463112614745E-09
-0
-0
-0
-0
12.768933013674825
-0
-0
-0
-0
-7.613534858572153E-10
-0
-0
-0
-0
118.25089524297661
-0
-0
-0
-0
-2.363996118138381E-09
-0
-0
-0
-0
147.77057674539182
-0
-0
-0
-0
2.876347160223602E-09
-0
-0
-0
-0
-771.2942286559532
-0
-0
-0
-0
-3.741316598616506E-09
-0
-0
-0
-0
-355.5451909934635
-0
-0
-0
-0
-1.32994009619688E-09
-0
-0
-0
-0
103.15501727392775
-0
-0
-0
-0
1.0580181660946236E-09
-0
-0
-0
-0
-51.91275040638049
-0
-0
-0
-0
1.6158690013466513E-09
-0
-0
-0
-0
93.17012995280268
-0
-0
-0
-0
-1.4633421736930212E-10
-0
-0
-0
-0
-99.54814322224853
-0
-0
-0
-0
1.3657083599303267E-10
-0
-0
-0
-0
645.070289421207
-0
-0
-0
-0
-2.8811398440843006E-09
-0
-0
-0
-0
99.21902825389442
-0
-0
-0
-0
-7.025740574049672E-10
-0
-0
-0
-0
165.18453614298622
-0
-0
-0
-0
-8.947670872915014E-11
-0
-0
-0
-0
-311.54754201742276
-0
-0
-0
-0
-1.2238621784800037E-09
-0
-0
-0
-0
92.83625507020263
-0
-0
-0
-0
0
0
0
0
0
-83.93930965169046
0
0
0
0
-1.3704329340125971E-09
0
0
0
0
37.76547078222799
0
0
0
0
-2.6430251785156447E-11
0
0
0
0
-119.63658631394279
0
0
0
0
3.78940606379681E-09
0
0
0
0
-160.39203988824025
0
0
0
0
3.2802053677238108E-09
0
0
0
0
-359.43146807429105
0
0
0
0
-1.3285984832105638E-09
0
0
0
0
-69.15661280527432
0
0
0
0
1.3079513634792888E-09
0
0
0
0
-55.83811983306333
0
0
0
0
7.17629296508163E-10
0
0
0
0
-69.89313302327139
0
0
0
0
-2.069148811012583E-10
0
0
0
0
91.10395357262477
0
0
0
0
2.2587341504604395E-09
0
0
0
0
39.279478149565165
0
0
0
0
-1.698243332493987E-09
0
0
0
0
402.13644170381895
0
0
0
0
-1.3949028601143006E-09
0
0
0
0
316.6665739172115
0
0
0
0
1.3012746354338774E-09
0
0
0
0
-199.72897112503816
0
0
0
0
3.477032156594943E-09
0
0
0
0
-111.82091862424798
0
0
0
0
1.2238214872289698E-09
0
0
0
0
101.56869571681406
0
0
0
0
-3.6016953813895377E-10
0
0
0
0
248.00988880543778
0
0
0
0
-1.17037504716284E-09
0
0
0
0
143.773238051364
0
0
0
0
-6.214698976933082E-10
0
0
0
0
-134.03800034132163
0
0
0
0
5.418560342487315E-10
0
0
0
0
-332.7884348009273
0
0
0
0
1.3604038565729963E-09
0
0
0
0
257.29722906961166
0
0
0
0
2.1121408879060644E-09
0
0
0
0
-176.3884088080495
0
0
0
0
8.372481473847414E-10
0
0
0
0
-294.3701774873301
0
0
0
0
3.800754532614416E-10
0
0
0
0
793.3014646801996
0
0
0
0
-1.7677656556436021E-09
0
0
0
0
40.883206734058916
0
0
0
0
-8.415374397342806E-10
0
0
0
0
-354.028277961331
0
0
0
0
-2.0569092593207293E-09
0
0
0
0
128.92020234909697
0
0
0
0
7.093777641932272E-10
0
0
0
0
84.4781105235718
0
0
0
0
-3.961170880949513E-09
0
0
0
0
-85.41851999480474
0
0
0
0
-1.3189490882663074E-09
0
0
0
0
-153.40044633752933
0
0
0
0
-5.594368942708713E-10
0
0
0
0
61.86528503902596
0
0
0
0
4.662974301824478E-10
0
0
0
0
66.64938350699347
0
0
0
0
-8.96122298372132E-10
0
0
0
0
2.471710026845983
0
0
0
0
7.853267791231858E-10
0
0
0
0
35.975962475738676
0
0
0
0
2.544420592085344E-09
0
0
0
0
118.9936902448503
0
0
0
0
-5.804049603239518E-09
0
0
0
0
8.599303416403757
0
0
0
0
-4.656612873077393E-10
0
0
0
0
-315.537278245261
0
0
0
0
-8.56458435087151E-09
0
0
0
0
-310.8259580128502
0
0
-0
-0
1.862645149230957E-09
-0
-0
-0
-0
106.03716468065977
-0
-0
-0
-0
5.338388315931779E-09
-0
-0
-0
-0
18.500646345317364
-0
-0
-0
-0
-2.7939677238464355E-09
-0
-0
-0
-0
238.11734970659018
-0
-0
-0
-0
-9.899181429854455E-09
-0
-0
-0
-0
32.69685260951519
-0
-0
-0
-0
5.6168892544187E-09
-0
-0
-0
-0
-292.8772090806017
-0
-0
-0
-0
-1.7089177766245824E-09
-0
-0
-0
-0
-76.83766174824729
-0
-0
-0
-0
-6.672985394914724E-09
-0
-0
-0
-0
190.38811287778412
-0
-0
-0
-0
4.4070657413163006E-09
-0
-0
-0
-0
-117.05109664883669
-0
-0
-0
-0
-4.555794246985526E-09
-0
-0
-0
-0
-120.75043698591136
-0
-0
-0
-0
1.9836169844493363E-09
-0
-0
-0
-0
242.40855162202251
-0
-0
-0
-0
1.7668253900762401E-09
-0
-0
-0
-0
182.73667666239584
-0
-0
-0
-0
-9.313225746154785E-10
-0
-0
-0
-0
-46.0742167920819
-0
-0
-0
-0
-1.6130980174698654E-09
-0
-0
-0
-0
-456.43528216180175
-0
-0
-0
-0
1.0081862609186659E-09
-0
-0
-0
-0
-167.69964966183684
-0
-0
-0
-0
-2.2923740268556776E-09
-0
-0
-0
-0
-79.83104299837893
-0
-0
-0
-0
7.83239959497119E-09
-0
-0
-0
-0
-710.2082800275425
-0
-0
-0
-0
-1.7668253900762401E-09
-0
-0
-0
-0
421.5372728503381
-0
-0
-0
-0
-8.731231855274803E-10
-0
-0
-0
-0
-183.54005969571995
-0
-0
-0
-0
-3.7101340676788175E-10
-0
-0
-0
-0
-353.70273651471086
-0
-0
-0
-0
-9.28178194097306E-10
-0
-0
-0
-0
-79.88024358264599
-0
-0
-0
-0
-1.914035930192569E-09
-0
-0
-0
-0
15.908138529250053
-0
-0
-0
-0
3.0020878216526847E-09
-0
-0
-0
-0
-363.7764501141826
-0
-0
-0
-0
2.230753528124668E-09
-0
-0
-0
-0
124.31382370321478
-0
-0
-0
-0
2.4317227710201557E-09
-0
-0
-0
-0
-211.05718494522554
-0
-0
-0
-0
9.772284801064743E-10
-0
-0
-0
-0
-228.24198145355354
-0
-0
-0
-0
1.9354093890302464E-10
-0
-0
-0
-0
-239.10789055338978
-0
-0
-0
-0
8.421203192854407E-10
-0
-0
-0
-0
-272.92882072439056
-0
-0
-0
-0
3.371557915792596E-10
-0
-0
-0
-0
-352.04037919680843
-0
-0
-0
-0
-1.6758685106268322E-09
-0
-0
-0
-0
-93.46905064375181
-0
-0
-0
-0
-5.498021744447753E-10
-0
-0
-0
-0
103.39202408577688
-0
-0
-0
-0
1.0600662870602777E-09
-0
-0
-0
-0
119.9645062468428
-0
-0
-0
-0
1.356759401553163E-10
-0
-0
-0
-0
-59.5807915163719
-0
-0
-0
-0
-2.4306111790264635E-10
-0
-0
-0
-0
-115.26058340923429
-0
-0
-0
-0
-2.2710227396154802E-09
-0
-0
-0
-0
64.9108426150161
-0
-0
-0
-0
5.031673874779208E-10
-0
-0
-0
-0
-133.01693001712462
-0
-0
-0
-0
-2.542208766546912E-09
-0
-0
-0
-0
-71.66184456695302
-0
-0
-0
-0
-3.611779080333612E-10
-0
-0
-0
-0
-727.4613391789284
0
0
0
0
1.0632115872081235E-09
0
0
0
0
-254.30873499915927
0
0
0
0
-1.1283424092220344E-09
0
0
0
0
-33.61341078020749
0
0
0
0
-2.2361382837064903E-09
0
0
0
0
-485.15068500232144
0
0
0
0
-1.4851967741917875E-10
0
0
0
0
-190.2711391684415
0
0
0
0
2.4893522887448915E-09
0
0
0
0
-174.02265723495495
0
0
0
0
-1.101169352695969E-09
0
0
0
0
-173.6080404153147
0
0
0
0
-2.3020940408640796E-09
0
0
0
0
-393.11522247187696
0
0
0
0
-2.765133204176035E-09
0
0
0
0
59.00031870881563
0
0
0
0
8.361891623607343E-10
0
0
0
0
709.3208556468322
0
0
0
0
-1.949761530601411E-09
0
0
0
0
142.78726384717913
0
0
0
0
-5.714902426545634E-10
0
0
0
0
120.3648032130402
0
0
0
0
-8.050984544983657E-10
0
0
0
0
169.41229493635905
0
0
0
0
9.873963466552013E-10
0
0
0
0
-28.914187921326686
0
0
0
0
-2.225309346937713E-10
0
0
0
0
-48.94974853884017
0
0
0
0
-6.995460304320582E-10
0
0
0
0
157.84583249990385
0
0
0
0
-6.661281315592994E-10
0
0
0
0
128.43264058481077
0
0
0
0
1.4974360635935391E-09
0
0
0
0
421.86314209785587
0
0
0
0
-3.183034495772851E-09
0
0
0
0
-200.3376442522039
0
0
0
0
-2.6725750147325677E-09
0
0
0
0
47.067868364024335
0
0
0
0
-1.549634316400318E-10
0
0
0
0
-58.422985428681244
0
0
0
0
-5.492115688538155E-09
0
0
0
0
-237.04575332363964
0
0
0
0
-1.4808261511835951E-09
0
0
0
0
67.21861693291558
0
0
0
0
-4.2972887762472037E-10
0
0
0
0
-272.5165780766364
0
0
0
0
1.0081862609186659E-09
0
0
0
0
-39.6797952065734
0
0
0
0
-1.6130980174698654E-09
0
0
0
0
-348.6313832771482
0
0
0
0
9.313225746154785E-10
0
0
0
0
281.0491717440336
0
0
0
0
5.492115688538155E-09
0
0
0
0
-181.8312876039455
0
0
0
0
1.2097183521837904E-10
0
0
0
0
-423.84064006996687
0
0
0
0
4.7574314991692595E-09
0
0
0
0
122.13339690035862
0
0
0
0
-1.18086970637657E-09
0
0
0
0
-207.35778056699746
0
0
0
0
2.640240351240061E-09
0
0
0
0
-367.5729805804916
0
0
0
0
5.741662820299246E-09
0
0
0
0
181.54816383532523
0
0
0
0
2.8953806725829094E-11
0
0
0
0
-72249268.2529534
0
0
0
0
-5.8595568369967E-10
0
0
0
0
-72248983.10730219
0
0
0
0
2.7939677238464355E-09
0
0
0
0
-72248786.44817224
0
0
0
0
-2.1121922809920486E-09
0
0
0
0
-72249291.1502223
0
0
0
0
-1.862645149230957E-09
0
0
-0
-0
-72249205.61798874
-0
-0
-0
-0
3.725290298461914E-09
-0
-0
-0
-0
-72249051.11668897
-0
-0
-0
-0
-6.51925802230835E-09
-0
-0
-0
-0
-72248697.0382549
-0
-0
-0
-0
2.7939677238464355E-09
-0
-0
-0
-0
-72248964.69649152
-0
-0
-0
-0
-3.725290298461914E-09
-0
-0
-0
-0
-72249101.85769448
-0
-0
-0
-0
-5.474078079714673E-09
-0
-0
-0
-0
-72247901.33819881
-0
-0
-0
-0
-1.5890684323949245E-09
-0
-0
-0
-0
-72249310.01024851
-0
-0
-0
-0
1.0726051158371774E-09
-0
-0
-0
-0
-72249388.09685133
-0
-0
-0
-0
-4.486695459604562E-09
-0
-0
-0
-0
-72249017.04179043
-0
-0
-0
-0
-2.151104183667485E-09
-0
-0
-0
-0
-72248724.83640455
-0
-0
-0
-0
3.2408635775027506E-09
-0
-0
-0
-0
-72248864.7295254
-0
-0
-0
-0
-3.125691705463396E-09
-0
-0
-0
-0
-72249314.79044676
-0
-0
-0
-0
-3.0913955839650953E-09
-0
-0
-0
-0
-72249018.38003524
-0
-0
-0
-0
3.3925360298781015E-09
-0
-0
-0
-0
-72249016.90633607
-0
-0
-0
-0
-6.003020303069206E-10
-0
-0
-0
-0
-72249156.29468611
-0
-0
-0
-0
-3.80773101937848E-09
-0
-0
-0
-0
-72249113.67149302
-0
-0
-0
-0
9.705303227747208E-11
-0
-0
-0
-0
-72248985.57622993
-0
-0
-0
-0
-9.260503475161386E-10
-0
-0
-0
-0
163.35716984207312
-0
-0
-0
-0
1.300584528962645E-09
-0
-0
-0
-0
-68.05121244875619
-0
-0
-0
-0
-2.5071553722000317E-09
-0
-0
-0
-0
136.5562340987535
-0
-0
-0
-0
-1.3234391360583686E-10
-0
-0
-0
-0
220.53292147813843
-0
-0
-0
-0
2.2434853974573343E-10
-0
-0
-0
-0
26.870388799112128
-0
-0
-0
-0
1.3574208423960954E-10
-0
-0
-0
-0
-270.880955989756
-0
-0
-0
-0
-2.013461397609717E-09
-0
-0
-0
-0
0.5168311202498259
-0
-0
-0
-0
1.2665548609902544E-09
-0
-0
-0
-0
-171.8352929535783
-0
-0
-0
-0
-3.7326941537685343E-10
-0
-0
-0
-0
379.9633348939506
-0
-0
-0
-0
-8.856915201249649E-11
-0
-0
-0
-0
250.64407324626535
-0
-0
-0
-0
-1.2962502182745084E-09
-0
-0
-0
-0
112.32706782055216
-0
-0
-0
-0
8.698251008354418E-10
-0
-0
-0
-0
-18.900082845999293
-0
-0
-0
-0
9.9271701969883E-10
-0
-0
-0
-0
41.97892002341352
-0
-0
-0
-0
-8.739391432754928E-10
-0
-0
-0
-0
281.136031126391
-0
-0
-0
-0
-1.8995329753579426E-09
-0
-0
-0
-0
65.63575417823812
-0
-0
-0
-0
-1.8796857403913236E-09
-0
-0
-0
-0
303.1832149486879
-0
-0
-0
-0
1.895370971283228E-09
-0
-0
-0
-0
70.39410394989369
-0
-0
-0
-0
2.313136349130218E-09
-0
-0
-0
-0
-169.04929589037786
-0
-0
-0
-0
-2.544595645304071E-10
-0
-0
-0
-0
92.00565593633061
-0
-0
-0
-0
-1.6556889192997915E-09
-0
-0
-0
-0
-17.70774870986338
-0
-0
-0
-0
0
0
0
0
0
0
0
0
0
0
0
0
0
0
0
0
0
0
0
0
0
0
0
0
0
0
0
0
0
0
0
0
0
0
0
0
0
0
0
0
0
0
0
0
0
0
0
0
0
0
0
0
0
0
0
0
0
0
0
0
0
0
0
0
0
0
0
0
0
0
0
0
0
0
0
0
0
0
0
0
0
0
0
0
0
0
0
0
0
0
0
0
0
0
0
0
0
0
0
0
0
0
0
0
0
0
0
0
0
0
0
0
0
0
0
0
0
0
0
0
0
0
0
0
0
0
0
0
0
0
0
0
0
0
0
0
0
0
0
0
0
0
0
0
0
0
0
0
0
0
0
0
0
0
0
0
0
0
0
0
0
0
0
0
0
0
0
0
0
0
0
0
0
0
0
0
0
0
0
0
0
0
0
0
0
0
0
0
0
0
0
0
0
0
0
0
0
0
0
0
0
0
0
0
0
0
0
0
0
0
0
0
0
0
0
0
0
0
0
0
0
0
0
0
0
0
0
0
0
0
0
0
0
0
0
0
0
0
0
0
0
0
0
0
0
0
0
0
0
0
0
0
0
0
0
0
0
0
0
0
0
0
0
0
0
0
0
0
0
0
0
0
0
0
0
0
0
0
0
0
0
0
0
0
0
0
0
0
0
0
0
0
0
0
0
0
0
0
0
0
0
0
0
0
0
0
0
0
0
0
0
0
0
0
0
0
0
0
0
0
0
0
0
0
0
0
0
0
0
0
0
0
0
0
0
0
0
0
0
0
0
0
0
0
0
0
0
0
0
0
0
0
0
0
0
0
0
0
0
0
0
0
0
0
0
0
0
0
0
0
0
0
0
0
0
0
0
0
0
0
0
0
0
0
0
0
0
0
0
0
0
0
0
0
0
0
0
0
0
0
0
0
0
0
0
0
0
0
0
0
0
0
0
0
0
0
0
0
0
0
0
0
0
0
0
0
0
0
0
0
0
0
0
0
0
0
0
0
0
0
0
0
0
0
0
0
0
0
0
0
0
0
0
0
0
0
0
0
0
0
0
0
0
0
0
0
0
0
0
0
0
0
0
0
0
0
0
0
0
0
0
0
0
0
0
0
0
0
0
0
0
0
0
0
0
0
0
0
0
0
0
0
0
0
0
0
0
0
0
0
0
0
0
0
0
0
0
0
0
0
0
0
0
0
0
0
0
0
0
0
0
0
0
0
0
0
0
0
0
0
0
0
0
0
0
0
0
0
0
0
0
0
0
0
0
0
0
0
0
0
0
0
0
0
0
0
0
0
0
0
0
0
0
0
0
0
0
0
0
0
0
0
0
0
0
0
0
0
0
0
0
0
0
0
0
0
0
0
0
0
0
0
0
0
0
0
0
0
0
0
0
0
0
0
0
0
0
0
0
0
0
0
0
0
0
0
0
0
0
0
0
0
0
0
0
0
0
0
0
0
0
0
0
0
0
0
0
0
0
0
0
0
0
0
0
0
0
0
0
0
0
0
0
0
0
0
0
0
0
0
0
0
0
0
0
0
0
0
0
0
0
0
0
0
0
0
0
0
0
0
0
0
0
0
0
0
0
0
0
0
0
0
0
0
0
0
0
0
0
0
0
0
0
0
0
0
0
0
0
0
0
0
0
0
0
0
0
0
0
0
0
0
0
0
0
0
0
0
0
0
0
0
0
0
0
0
0
0
0
0
0
0
0
0
0
0
0
0
0
0
0
0
0
0
0
0
0
0
0
0
0
0
0
0
0
0
0
0
0
0
0
0
0
0
0
0
0
0
0
0
0
0
0
0
0
0
0
0
0
0
0
0
0
0
0
0
0
0
0
0
0
0
0
0
0
0
0
0
0
0
0
0
0
0
0
0
0
0
0
0
0
0
0
0
0
0
0
0
0
0
0
0
0
0
0
0
0
0
0
0
0
0
0
0
0
0
0
0
0
0
0
0
0
0
0
0
0
0
0
0
0
0
0
0
0
0
0
0
0
0
0
0
0
0
0
0
0
0
0
0
0
0
0
0
0
0
0
0
0
0
0
0
0
0
0
0
0
0
0
0
0
0
0
0
0
0
0
0
0
0
0
0
0
0
0
0
0
0
0
0
0
0
0
0
0
0
0
0
0
0
0
0
0
0
0
0
0
0
0
0
0
0
0
0
0
0
0
0
0
0
0
0
0
0
0
0
0
0
0
0
0
0
0
0
0
0
0
0
0
0
0
0
0
0
0
0
0
0
0
0
0
0
0
0
0
0
0
0
0
0
0
0
0
0
0
0
0
0
0
0
0
0
0
0
0
0
0
0
0
0
0
0
0
0
0
0
0
0
0
0
0
0
0
0
0
0
0
0
0
0
0
0
0
0
0
0
0
0
0
0
0
0
0
0
0
0
0
0
0
0
0
0
0
0
0
0
0
0
0
0
0
0
0
0
0
0
0
0
0
0
0
0
0
0
0
0
0
0
0
0
0
0
0
0
0
0
0
0
0
0
0
0
0
0
0
0
0
0
0
0
0
0
0
0
0
0
0
0
0
0
0
0
0
0
0
0
0
0
0
0
0
0
0
0
0
0
0
0
0
0
0
0
0
0
0
0
0
0
0
0
0
0
0
0
0
0
0
0
0
0
0
0
0
0
0
0
0
0
0
0
0
0
0
0
0
0
0
0
0
0
0
0
0
0
0
0
0
0
0
0
0
0
0
0
0
0
0
0
0
0
0
0
0
0
0
0
0
0
0
0
0
0
0
0
0
0
0
0
0
0
0
0
0
0
0
0
0
0
0
0
0
0
0
0
0
0
0
0
0
0
0
0
0
0
0
0
0
0
0
0
0
0
0
0
0
0
0
0
0
0
0
0
0
0
0
0
0
0
0
0
0
0
0
0
0
0
0
0
0
0
0
0
0
0
0
0
0
0
0
0
0
0
0
0
0
0
0
0
0
0
0
0
0
0
0
0
0
0
0
0
0
0
0
0
0
0
0
0
0
0
0
0
0
0
0
0
0
0
0
0
0
0
0
0
0
0
0
0
0
0
0
0
0
0
0
0
0
0
0
0
0
0
0
0
0
0
0
0
0
0
0
0
0
0
0
0
0
0
0
0
0
0
0
0
0
0
0
0
0
0
0
0
0
0
0
0
0
0
0
0
0
0
0
0
0
0
0
0
0
0
0
0
0
0
0
0
0
0
0
0
0
0
0
0
0
0
0
0
0
0
0
0
0
0
0
0
0
0
0
0
0
0
0
0
0
0
0
0
0
0
0
0
0
0
0
0
0
0
0
0
0
0
0
0
0
0
0
0
0
0
0
0
0
0
0
0
0
0
0
0
0
0
0
0
0
0
0
0
0
0
0
0
0
0
0
0
0
0
0
0
0
0
0
0
0
0
0
0
0
0
0
0
0
0
0
0
0
0
0
0
0
0
0
0
0
0
0
0
0
0
0
0
0
0
0
0
0
0
0
0
0
0
0
0
0
0
0
0
0
0
0
0
0
0
0
0
0
0
0
0
0
0
0
0
0
0
0
0
0
0
0
0
0
0
0
0
0
0
0
0
0
0
0
0
0
0
0
0
0
0
0
0
0
0
0
0
0
0
0
0
0
0
0
0
0
0
0
0
0
0
0
0
0
0
0
0
0
0
0
0
0
0
0
0
0
0
0
0
0
0
0
0
0
0
0
0
0
0
0
0
0
0
0
0
0
0
0
0
0
0
0
0
0
0
0
0
0
0
0
0
0
0
0
0
0
0
0
0
0
0
0
0
0
0
0
0
0
0
0
0
0
0
0
0
0
0
0
0
0
0
0
0
0
0
0
0
0
0
0
0
0
0
0
0
0
0
0
0
0
0
0
0
0
0
0
0
0
0
0
0
0
0
0
0
0
0
0
0
0
0
0
0
0
0
0
0
0
0
0
0
0
0
0
0
0
0
0
0
0
0
0
0
0
0
0
0
0
0
0
0
0
0
0
0
0
0
0
0
0
0
0
0
0
0
0
0
0
0
0
0
0
0
0
0
0
0
0
0
0
0
0
0
0
0
0
0
0
0
0
0
0
0
0
0
0
0
0
0
0
0
0
0
0
0
0
0
0
0
0
0
0
0
0
0
0
0
0
0
0
0
0
0
0
0
0
0
0
0
0
0
0
0
0
0
0
0
0
0
0
0
0
0
0
0
0
0
0
0
0
0
0
0
0
0
0
0
0
0
0
0
0
0
0
0
0
0
0
0
0
0
0
0
0
0
0
0
0
0
0
0
0
0
0
0
0
0
0
0
0
0
0
0
0
0
0
0
0
0
0
0
0
0
0
0
0
0
0
0
0
0
0
0
0
0
0
0
0
0
0
0
0
0
0
0
0
0
0
0
0
0
0
0
0
0
0
0
0
0
0
0
0
0
0
0
0
0
0
0
0
0
0
0
0
0
0
0
0
0
0
0
0
0
0
0
0
0
0
0
0
0
0
0
0
0
0
0
0
0
0
0
0
0
0
0
0
0
0
0
0
0
0
0
0
0
0
0
0
0
0
0
0
0
0
0
0
0
0
0
0
0
0
0
0
0
0
0
0
0
0
0
0
0
0
0
0
0
0
0
0
0
0
0
0
0
0
0
0
0
0
0
0
0
0
0
0
0
0
0
0
0
0
0
0
0
0
0
0
0
0
0
0
0
0
0
0
0
0
0
0
0
0
0
0
0
0
0
0
0
0
0
0
0
0
0
0
0
0
0
0
0
0
0
0
0
0
0
0
0
0
0
0
0
0
0
0
0
0
0
0
0
0
0
0
0
0
0
0
0
0
0
0
0
0
0
0
0
0
0
0
0
0
0
0
0
0
0
0
0
0
0
0
0
0
0
0
0
0
0
0
0
0
0
0
0
0
0
0
0
0
0
0
0
0
0
0
0
0
0
0
0
0
0
0
0
0
0
0
0
0
0
0
0
0
0
0
0
0
0
0
0
0
0
0
0
0
0
0
0
0
0
0
0
0
0
0
