75514
75513.8434278226
75513.14515230294
75510.65274697517
75495.95142970479
75556.39166224374
75534.18526699586
75531.28752960377
75529.19641314608
75488.72993733078
75547.49577396248
75544.53869870909
75542.51638347202
75527.38386444193
75653.09080148902
75591.14244940225
75589.85017133346
75595.78302903815
75622.24784500706
75589.64057474563
75603.70697834666
75613.73876282974
75624.43806256438
75617.43514767985
75641.71216388742
75655.90124259652
75675.72557042046
75741.10758089229
75608.04879011381
75659.15705746878
75678.66258955299
75693.27257371317
75701.49901335489
75718.01204658135
75727.92662066563
75733.11174679265
75708.94074930013
75871.24232108342
75823.69448454751
75827.37860691172
75835.9946468277
75816.6598274726
75876.62179071402
75887.66563562184
75901.50913388362
75912.78480488216
75964.78059261937
75962.8604047813
75979.98370515846
76001.35629904603
76049.04754688418
76011.63818194155
76040.85894826679
76062.22336861189
76079.91249456901
76161.50897628571
76134.40548413027
76152.05375081986
76168.95108504337
76165.73230142785
76258.07997400007
76261.11237973305
76280.81963199723
76303.55198973592
76335.74450630057
76351.76665353603
76377.58896312649
76404.50037439514
76435.66906102253
76442.56163078336
76478.6071721177
76508.29858569376
76539.27361606358
76602.57178543764
76579.85897528796
76612.34327150013
76639.51861146039
76655.59519138043
76791.1799159025
76759.08221011057
76783.39892819074
76811.76735857586
76835.5576167746
76881.90910132331
76911.91370367177
76944.74690222669
76979.05611517097
76999.92891069503
77046.1737640278
77083.03993277461
77122.0480544083
77176.26140195392
77160.98535900231
77213.57694989609
77253.84391787714
77292.3176485033
77309.40302855623
77372.24906145499
77411.01587530402
77450.9470134435
77494.27114590372
77516.45883589725
77563.6313733425
77603.50855013974
77638.92923118226
77606.02965076616
77760.81331322007
77792.52516349491
77834.78865414001
77887.47179473256
77838.95827549114
77936.34057392228
77981.71369565254
78016.70036671708
77979.99795960834
78196.49665487796
78207.96124286238
78245.85231175624
78287.67954546366
78367.9800173128
78384.31680201876
78429.06284832876
78472.5164932956
78497.2413846616
78617.78191287501
78644.8964087972
78690.76019651779
78739.54333522324
78782.6211784782
78841.51024728443
78892.07812576838
78941.66760961499
78982.18655636626
79092.00612039532
79118.75720191978
79166.87766975588
79212.52552639083
79176.39528572392
79374.32925306822
79415.506606547
79470.08223112764
79531.44354939015
79548.79712134358
79635.02265257452
79699.68285324563
79768.21424629736
79882.14156778493
79829.96737877555
79915.80174968649
79983.14434262473
80046.41734799666
80164.65471966284
80182.25484124641
80245.60056995743
80310.76187842467
80380.16578987618
80431.63301343807
80502.08121264537
80569.13664256276
80635.8564400988
80695.50055325602
80771.56929155198
80838.31682424138
80904.14995800423
80961.72582779017
81085.76258186295
81128.56691514765
81193.31162306384
81256.84008694279
81263.8150381127
81437.89455348179
81497.24866653234
81565.65678417696
81631.04994782287
81782.12125256825
81809.87848614441
81887.264638208
81978.29701288723
82162.40422624281
81999.65794576037
82131.48451491116
82222.01170104159
82305.72822080547
82392.43125110182
82468.72891686298
82548.62913488453
82626.78548742426
82692.1847195859
82826.2293331329
82890.0251573991
82968.50897552627
83047.56441683756
83070.0863170274
83225.96503370437
83304.91069983455
83384.07273223462
83448.59556116638
83640.56415449231
83673.95468732202
83752.99711946929
83835.22479047204
83894.30539460419
84028.47621481333
84110.87921360669
84198.12004712225
84285.36424892546
84390.62018073421
84467.85083733518
84552.58234564777
84627.71745683
84609.19705933433
84961.63101579084
84995.06037265918
85076.92090069923
85167.52178628904
85258.07035615286
85357.09120369947
85454.20430969502
85551.92782234258
85647.77796617629
85759.7117259151
85856.3578923515
85957.16229141733
86058.71669427028
86146.2983394655
86270.6186679557
86375.45116950886
86484.01044857485
86605.87748261663
86620.44859762785
86772.94707527677
86883.62710302159
86985.20228239438
87011.0327764949
87266.70572419028
87357.1157236769
87464.16243736171
87576.41032465648
87670.70637386754
87798.99847313926
87918.42703530709
88045.59018055409
88236.9635988312
88171.1019422382
88333.19375877513
88460.23921697935
88581.8893183944
88689.29044102802
88819.53225936645
88936.20977942743
89046.99314153424
89118.26349476594
89418.88235288994
89474.5019346339
89586.25447811383
89705.46444055272
89814.35704351742
89958.51303665912
90084.94989071194
90215.90019954868
90361.79402603794
90383.3405582738
90569.37247590531
90705.81464030883
90836.88463031614
90948.03047514232
91119.7057216807
91246.94314082699
91378.57630241413
91508.56667574898
91699.23434961334
91794.99873095719
91929.24414166308
92065.81947019549
92201.28420935589
92347.84193011033
92486.18301331524
92626.824749535
92768.45596534309
92911.40685165339
93053.70654297507
93196.56544334975
93337.57955143222
93461.8102504385
93693.8030120922
93810.53757456089
93957.1302388746
94113.74633312947
94394.9570943314
94372.5866325752
94540.50555493275
94703.6283606145
94884.22257894806
94885.98214991759
95127.16748685887
95293.42116062269
95452.01637534917
95587.5109455894
95793.84783135733
95947.12140855819
96106.77872225936
96268.68108499587
96419.81337994542
96590.85578483081
96754.28805854973
96916.05312784588
97061.4909335937
97281.46594009623
97434.15429383834
97598.98148123668
97765.97042918249
97935.30820339036
98100.32873842207
98264.22427661542
98417.28794908633
98498.56660496676
99034.37160466162
99063.01064622478
99215.5136996221
99383.11517734174
99539.68291524805
99742.28281641922
99919.53220341478
100098.67646450487
100272.22490749597
100526.00140608486
100674.87821252634
100861.46376487649
101058.24753094737
101323.47482391915
101369.53801240021
101587.08206691116
101786.44933446028
101982.74090485477
102197.35300217498
102382.15919278047
102581.17751836668
102783.61622540608
103002.05594800883
103155.21655792075
103372.03050635029
103578.9477089683
103785.42142262752
103991.19215039669
104201.35105697581
104411.70147877473
104625.3291334633
104852.74814997407
104999.70619315578
105241.69646651854
105462.01184225536
105682.54843467571
105932.44815084843
106108.06997960685
106334.50359784336
106562.01899378357
106804.7660620765
106888.82617883814
107197.30489391612
107433.29033753963
107666.20239478613
107913.38891762328
108110.86295621363
108348.93614375971
108583.45040303352
108818.67001250813
109045.5683479356
109289.88374198144
109529.09388559379
109770.93301172838
110025.84163718109
110226.9069128583
110482.1903663462
110728.95694165168
110975.4877640293
111217.35570348942
111471.91072740185
111721.24093556943
111971.25691516172
112218.70121437067
112493.29469853445
112738.33970496041
112991.37675701795
113242.17636524285
113419.22495157452
113801.47766994436
114050.3557191328
114307.74777384539
114557.61930939779
114941.39644051855
115140.1938688788
115406.16687069219
115682.7723143043
116004.49625422478
116179.86686200894
116476.7942717621
116760.4227093529
117043.44702073227
117311.49705091899
117607.79009715939
117892.86622069548
118176.86466385466
118445.89794284434
118796.08387809464
119069.8524286561
119360.223518912
119654.05044348352
119930.57165545334
120251.79794886091
120550.8144686004
120850.03202387117
121138.49493664292
121521.01340691115
121795.82665803115
122102.43694046911
122415.92700956087
122758.6184234427
123031.35514106798
123355.78388683412
123680.6361987267
124016.67671416787
124226.24281672157
124623.457343385
124955.39073778219
125279.24142268323
125550.33122319481
126018.0920365228
126327.37607487051
126660.31722151143
126999.83009224094
127323.61090476242
127686.31341967548
128037.82782731124
128397.77866556995
128805.39996626957
128986.75202572827
129398.85278860913
129766.82183305704
130128.6119494833
130413.69182089888
130872.28362606083
131236.24725514805
131604.1808019577
131971.6370327081
132366.988242823
132734.56898255763
133114.36399860415
133502.27261183635
133963.96099036274
134224.64264536818
134627.33545283915
135020.59425198167
135410.6456944331
135847.82512963528
136218.84818228643
136616.1752546363
137015.61642655803
137400.7260510302
137853.66975217123
138254.71885383074
138666.2467101358
139082.07868439314
139494.13499980528
139922.85896824836
140349.4603535274
140782.07210092037
141240.00573005198
141583.2021329249
142049.4056691226
142493.3424752872
142936.42431103066
143374.11316459885
143830.2746532286
144279.50557310684
144730.92112855034
145180.32158087107
145672.04749777418
146117.70020164014
146580.31791464452
147047.34790063713
147517.36688503955
147992.14463222638
148469.0312650344
148949.0317498465
149431.4310620303
149928.55582465534
150410.91395063477
150902.35131235985
151394.86002656244
151867.03411123197
152435.51860649488
152928.00254094083
153435.91050301553
153949.63867507732
154468.64618302192
154991.62017441218
155521.04446005524
156060.83149882563
156648.25745625878
157001.4490025728
157607.18519657594
158163.29836184595
158717.27509872091
159312.9108475914
159816.0083058915
160377.50193422113
160939.19636468124
161496.9973761273
162118.2558154394
162667.10184922596
163242.0987446515
163822.8982111825
164404.45476350113
165001.97053592466
165595.04571830883
166192.28313216247
166789.73849120038
167461.1807504009
168028.3943929867
168641.18655214083
169259.96167581613
169877.49327999188
170525.59278160002
171155.92561024483
171794.53199523356
172438.61286107075
173078.21777897046
173741.3997379637
174401.12056000764
175067.23112373927
175748.3276725144
176377.47287735195
177072.2808377141
177758.33305354888
178446.74112760244
179112.51582818222
179849.68220600288
180552.91756434442
181264.45258865395
181988.84020704418
182656.05579919502
183410.77682218622
184146.94798780768
184888.5039751463
185660.55805050553
186358.16997190713
187119.52533535165
187879.98111535292
188641.49228097932
189471.67920203324
190205.93501222512
190984.42126687343
191766.76148535017
192521.0603318914
193426.54917288988
194209.22876780358
195019.58769152453
195840.32928967968
196669.20179635237
197507.44867475223
198355.393262498
199219.22796236246
200146.24421202161
200749.6047362749
201720.75043584112
202615.82049038235
203508.7536109089
204431.9851975355
205296.0340794026
206207.0708252381
207124.3135618138
208053.1872380177
208949.6113847984
209909.16079458882
210863.50331156733
211837.316626135
212970.41663721722
213625.1671893899
214652.07080766326
215647.8330992538
216639.8995280002
217735.563666376
218680.00819978924
219697.6203067174
220730.66273230116
221806.9719799573
222746.75564699536
223828.81457844196
224897.5961813328
225972.137533211
227060.23982581092
228146.77053235925
229248.51269968165
230361.2642707307
231492.92115419437
232578.00301410034
233736.02702951102
234889.1868518919
236050.8273701122
237219.91682961004
238406.67948455358
239600.9275034124
240809.49105056425
242046.32293470515
243119.79622274553
244440.9480127461
245696.95279148177
246955.80874487563
248197.91950248095
249539.00469442495
250824.63451339
252130.2569831119
253451.53764313992
254743.68618272475
256120.15651180202
257482.11426074684
258861.25056268522
260294.01048948814
261559.01181233593
263006.67343925737
264438.38627338037
265879.6370407391
267342.6853693493
268801.5841355801
270285.7607534248
271789.14178284816
273336.44384786073
274711.22818181803
276314.94331532245
277882.05181954487
279461.8914217338
281118.60191341006
282625.919996202
284254.59279024275
285893.91490997473
287552.29128910013
289184.9117437872
290892.447785341
292597.4380471802
294316.4346150574
296030.8037533408
297838.28058987303
299605.3405963018
301397.96876780037
303210.2348073257
305062.98156330315
306900.7720152196
308773.91557952727
310669.30561339075
312595.7065649652
314496.0140937417
316462.5601394045
318442.4778075819
320443.1358575295
322472.3255562247
324509.503979819
326576.79806334217
328666.25274381
330773.0345585913
332947.2584798081
335095.953634144
337282.9022852724
339498.1901538393
341764.8396642251
343990.91843093117
346288.0370991241
348610.24477387755
350962.571092746
353313.7077264019
355737.74386548257
358180.9331358621
360667.8547157791
363338.97291239793
365499.168183196
368123.24798418203
370724.8993629189
373349.8654837319
375967.8990335678
378680.3765901718
381398.70015719323
384150.77383713995
386942.79485086806
389743.7404719208
392606.57667436055
395501.53301541373
398434.08687756595
401443.1645897209
404408.4127318311
407459.4496349213
410553.1275605657
413705.2252830893
416777.0719856397
420037.2266974594
423303.26984744024
426611.8542969436
429998.82326159225
433337.6433817129
436786.8744951637
440280.8973334121
443828.7824193755
447359.8202658573
451040.32901557256
454741.61493923556
458502.3178497822
462399.3032659377
466052.8257351524
470006.6499351822
473985.74916022614
478017.42272929556
482112.97223913355
486255.2472261208
490460.2825758501
494714.02238936117
498922.44033973425
503750.3374488725
508097.8168390054
512624.9007762669
517239.6406912807
521919.5398690564
526708.629356877
531558.7231943365
536487.758948392
541488.8011105214
546647.9718071105
551802.497087652
557068.8899159622
562425.6120813851
567841.0133639665
573449.0050038891
579087.5951158836
584831.2177625936
590678.914444257
596621.7004410041
602687.6435456874
608859.1113999507
615144.9006275818
621557.4005737505
628051.8923506925
634701.1342571938
641472.5948578765
648373.2621361734
655420.6788335426
662581.7106820106
669894.8019079698
677351.6992107912
684940.3279981848
692783.0805887975
700685.7143721363
708774.0609498718
717034.6228031078
725422.9766698957
734106.8580287155
742915.6040973966
751923.0968947915
761146.7792435765
770459.7393147363
780133.9029838085
789988.7706306303
800068.8513318885
810376.2120942853
820958.9695488805
831777.807272187
842864.5023396236
854229.038452761
865862.1614012477
877822.4935490431
890084.2088401277
902673.468552645
915647.0090223139
928784.771997264
942446.4481461033
956466.3249171526
970880.5185822267
985713.3340499304
1000975.061917953
1016697.0714249201
1032902.1333928826
1049646.275593557
1066710.2945291423
1084540.6292053466
1102906.6651868403
1121879.0411833376
1141500.6786739537
1161790.7870540218
1182809.6766503977
1204594.7946460422
1227211.4373701767
1250491.1142516735
1274929.071301185
1300266.0157019263
1326628.5439064803
1354037.0119704646
1382815.3824074767
1412738.829432601
1444047.4183314536
1476842.7411592342
1511191.1035920482
1547357.798288823
1585390.167480033
1625497.2631816461
1667954.2528458894
1712566.6934951122
1760230.652650564
1810913.5778208317
1865012.5063436273
1922959.040305234
1985259.509968314
2052532.2842041058
2125529.753316132
2205205.9022407024
2292554.85914393
2389397.29820243
2497515.320144695
2619607.9502198356
2759446.756768301
2922157.9644194255
3116077.116979785
3354072.0903433943
3658582.8952510026
4072780.196922237
4692224.713940774
5784407.604920598
8484489.757879274
31508719.595947456
9048983.016633341
4405231.297051243
4919603.784751516
8298672.091507893
29649514.78987879
4166474.199518388
5086515.08463724
8408534.969261013
26117864.109448273
15347831.046809817
4218263.329705467
1648686.683587488
1349608.1780949126
32275974.001881953
2775592.5075249877
4376748.630117776
7352596.149147436
19533496.22542961
22054670.00167856
5435135.899081759
2516952.472538727
3348060.856267784
31793686.346492626
5344909.538631491
3734465.4949823488
5341562.389317357
12483365.275113087
27643336.007354863
5431291.264221999
3499245.455085155
5860629.427876782
28663170.428074952
11277318.702161428
4609815.689788006
3512078.7701828526
5955421.5410897825
31266666.048561383
3528847.495541146
3269750.911187502
6380146.091906879
23482669.370472297
18018340.32091549
6218055.952900568
3276102.681196886
1709281.1956469838
32397329.706007175
1131032.2302493071
2564519.377110657
5462591.698076807
17097569.347450517
24373942.1787842
7073499.821079652
3853374.7719166605
3673423.1749815326
30874354.45933363
6439153.644470625
3561915.693263559
4200675.261896222
10546365.151364528
29353078.203522127
6295165.458508642
3617899.8971485305
5069055.978164505
26925216.685649987
13301789.650723707
5972310.603807364
4126730.023222016
5175591.271208917
32159055.188649055
3466781.8822182952
2073361.7298233248
4727931.447906337
21140197.863674562
20475275.210412726
8133330.9545334205
5137252.623944473
3528936.8197417054
32248841.8076696
1905574.143342212
1387950.204232609
3538208.136039948
14441208.57259621
27008259.027691323
9117380.823788645
5754341.856052874
4602374.862847681
29226084.032354735
9032316.55796224
5508747.657312313
4685134.53282045
8612943.881684886
32210486.5436465
9115667.676196495
6475299.382193728
5411165.926159621
4807337.989168745
4403032.617719061
4105413.8043856528
3872595.786874811
3682804.4163749907
3523464.1342319897
3386670.38667573
3267254.6254388834
3161594.932560409
3067108.055296194
2981729.1455981242
2904191.0890520443
2833224.464096679
2767931.8767374484
2707583.8147915057
2651560.8182442877
2599381.121938688
2550620.4390673894
2504927.1190798855
2461977.8879547548
2421552.500310828
2383398.898712073
2347323.8488989244
2313111.9539877875
2280782.259323023
2249995.9816118856
2220719.3561324403
2192841.5059861764
2166265.6022664267
2140905.5233940464
2116682.235237056
2093522.7651135272
2071330.7563582864
2050207.4986730998
2029877.122587134
2010401.767346473
1991728.350981934
1973748.1238046582
1956598.0404225031
1940085.0283512974
1924226.5733409885
1909029.5349185783
1894227.7462485097
1880182.7446801115
1866643.7821883017
1853619.0514071777
1841097.6680131194
1829039.859155561
1817449.8136381025
1806302.4598900506
1795580.4582205412
1785283.0649148885
1775369.1267338826
1765844.0317992624
1756692.3072580146
1747909.3780490835
1739455.1133944157
1731355.1354523827
1723585.7196488471
1716146.0686560667
1708903.2977782278
1702129.9721775826
1695595.8219256424
1689347.8648007605
1683394.491674899
1677667.503749577
1672249.815057086
1667091.2298762405
1662191.6520006643
1657505.2255788278
1653139.819021118
1648988.0627323724
1645077.8132894067
1641415.548451622
1637931.7815696006
1634732.5604348052
1631749.8547711414
1628989.8167964497
1626437.2114657115
1624135.2634123839
1622033.9859327704
1620149.9449237564
1618487.7176820133
1616979.63137345
1615752.632590324
1614716.4740075145
1613887.0186769797
1613261.6930476332
1612853.5258487286
1612645.9150252843
0
0
0
0
0
0
0
0
0
0
0
0
0
0
0
0
0
0
0
0
0
0
0
0
0
0
0
0
0
0
0
0
0
0
0
0
0
0
0
0
0
0
0
0
0
0
0
0
0
0
0
0
0
0
0
0
0
0
0
0
0
0
0
0
0
0
0
0
0
0
0
0
0
0
0
0
0
0
0
0
0
0
0
0
0
0
0
0
0
0
0
0
0
0
0
0
0
0
0
0
0
0
0
0
0
0
0
0
0
0
0
0
0
0
0
0
0
0
0
0
0
0
0
0
0
0
0
0
0
0
0
0
0
0
0
0
0
0
0
0
0
0
0
0
0
0
0
0
0
0
0
0
0
0
0
0
0
0
0
0
0
0
0
0
0
0
0
0
0
0
0
0
0
0
0
0
0
0
0
0
0
0
0
0
0
0
0
0
0
0
0
0
0
0
0
0
0
0
0
0
0
0
0
0
0
0
0
0
0
0
0
0
0
0
0
0
0
0
0
0
0
0
0
0
0
0
0
0
0
0
0
0
0
0
0
0
0
0
0
0
0
0
0
0
0
0
0
0
0
0
0
0
0
0
0
0
0
0
0
0
0
0
0
0
0
0
0
0
0
0
0
0
0
0
0
0
0
0
0
0
0
0
0
0
0
0
0
0
0
0
0
0
0
0
0
0
0
0
0
0
0
0
0
0
0
0
0
0
0
0
0
0
0
0
0
0
0
0
0
0
0
0
0
0
0
0
0
0
0
0
0
0
0
0
0
0
0
0
0
0
0
0
0
0
0
0
0
0
0
0
0
0
0
0
0
0
0
0
0
0
0
0
0
0
0
0
0
0
0
0
0
0
0
0
0
0
0
0
0
0
0
0
0
0
0
0
0
0
0
0
0
0
0
0
0
0
0
0
0
0
0
0
0
0
0
0
0
0
0
0
0
0
0
0
0
0
0
0
0
0
0
0
0
0
0
0
0
0
0
0
0
0
0
0
0
0
0
0
0
0
0
0
0
0
0
0
0
0
0
0
0
0
0
0
0
0
0
0
0
0
0
0
0
0
0
0
0
0
0
0
0
0
0
0
0
0
0
0
0
0
0
0
0
0
0
0
0
0
0
0
0
0
0
0
0
0
0
0
0
0
0
0
0
0
0
0
0
0
0
0
0
0
0
0
0
0
0
0
0
0
0
0
0
0
0
0
0
0
0
0
0
0
0
0
0
0
0
0
0
0
0
0
0
0
0
0
0
0
0
0
0
0
0
0
0
0
0
0
0
0
0
0
0
0
0
0
0
0
0
0
0
0
0
0
0
0
0
0
0
0
0
0
0
0
0
0
0
0
0
0
0
0
0
0
0
0
0
0
0
0
0
0
0
0
0
0
0
0
0
0
0
0
0
0
0
0
0
0
0
0
0
0
0
0
0
0
0
0
0
0
0
0
0
0
0
0
0
0
0
0
0
0
0
0
0
0
0
0
0
0
0
0
0
0
0
0
0
0
0
0
0
0
0
0
0
0
0
0
0
0
0
0
0
0
0
0
0
0
0
0
0
0
0
0
0
0
0
0
0
0
0
0
0
0
0
0
0
0
0
0
0
0
0
0
0
0
0
0
0
0
0
0
0
0
0
0
0
0
0
0
0
0
0
0
0
0
0
0
0
0
0
0
0
0
0
0
0
0
0
0
0
0
0
0
0
0
0
0
0
0
0
0
0
0
0
0
0
0
0
0
0
0
0
0
0
0
0
0
0
0
0
0
0
0
0
0
0
0
0
0
0
0
0
0
0
0
0
0
0
0
0
0
0
0
0
0
0
0
0
0
0
0
0
0
0
0
0
0
0
0
0
0
0
0
0
0
0
0
0
0
0
0
0
0
0
0
0
0
0
0
0
0
0
0
0
0
0
0
0
0
0
0
0
0
0
0
0
0
0
0
0
0
0
0
0
0
0
0
0
0
0
0
0
0
0
0
0
0
0
0
0
0
0
0
0
0
0
0
0
0
0
0
0
0
0
0
0
0
0
0
0
0
0
0
0
0
0
0
0
0
0
0
0
0
0
0
0
0
0
0
0
0
0
0
0
0
0
0
0
0
0
0
0
0
0
0
0
0
0
0
0
0
0
0
0
0
0
0
0
0
0
0
0
0
0
0
0
0
0
0
0
0
0
0
0
0
0
0
0
0
0
0
0
0
0
0
0
0
0
0
0
0
0
0
0
0
0
0
0
0
0
0
0
0
0
0
0
0
0
0
0
0
0
0
0
0
0
0
0
0
0
0
0
0
0
0
0
0
