75514
75513.8434177718
75513.1451086764
75510.65262430068
75495.95090872003
75556.39153323584
75534.185253336
75531.28750935133
75529.19638506806
75488.68253556732
75547.48916441548
75544.53431333322
75542.51098911968
75527.37060972233
75653.07074580481
75591.14240966947
75589.84939572857
75595.78127289645
75622.24000247894
75589.64027551799
75603.70586011035
75613.73727666587
75624.43670764368
75617.41505476285
75641.70733053761
75655.89632471855
75675.7197399989
75741.0966196261
75608.04722220058
75659.153297176
75678.65798151493
75693.2675287691
75701.47154850233
75718.0042930062
75727.91820369684
75733.10171957451
75708.92370946208
75871.24182815963
75823.68970658735
75827.37282455107
75835.98954670352
75816.65460598895
75876.6021675854
75887.64945276233
75901.49247769848
75912.7643855919
75964.77651662994
75962.84705981705
75979.96765880706
76001.33698326215
76049.00951124186
76011.62754420517
76040.84265217144
76062.20300217633
76079.88272203875
76161.45549277269
76134.39644031288
76152.04040795751
76168.93582218769
76165.71756699609
76258.0574185547
76261.09044015117
76280.79661888466
76303.52701376914
76335.6076733818
76351.74391261523
76377.56413984066
76404.47428446898
76435.6428495771
76442.52762255265
76478.57381204201
76508.26269789843
76539.23175373604
76602.44840775535
76579.83594605484
76612.31117576943
76639.4794738722
76655.53697107709
76791.17917844723
76759.06255796016
76783.37311738357
76811.73887439421
76835.5308120019
76881.87288180325
76911.87786135019
76944.71074304078
76979.02100367329
76999.84086071595
77046.12873187521
77082.99552276472
77122.00304681092
77176.21427497643
77160.94234184967
77213.53235546127
77253.79947729257
77292.2758904855
77309.37751158793
77372.18952146583
77410.96062699845
77450.89330126968
77494.21994597086
77516.40023645526
77563.57818192337
77603.45949189606
77638.89013165946
77606.02419198386
77760.70529596187
77792.44537495839
77834.71991336648
77887.42169104275
77838.72960560891
77936.24159652722
77981.62801062549
78016.62650467822
77979.97320574199
78196.3443796167
78207.84210765467
78245.73746698652
78287.55753960845
78367.97968696867
78384.22895228828
78428.96804900089
78472.41894917948
78497.14308747475
78617.6785089664
78644.7928769124
78690.6559746668
78739.43945646034
78782.56533473963
78841.39533968014
78891.963503323
78941.55070254102
78982.05968256315
79091.92230789384
79118.65674127766
79166.77941436782
79212.44166991499
79176.39527826244
79374.12366036233
79415.34518228786
79469.93305472011
79531.30825696595
79548.55079406421
79634.84921032551
79699.51148808328
79768.03537268145
79881.9034911925
79829.84036474727
79915.64917617443
79982.97916550042
80046.22949097652
80164.62127220826
80182.12402384041
80245.4541996033
80310.6084642969
80380.00783277885
80431.4708537407
80501.91617262852
80568.96921543218
80635.68820605637
80695.38421533909
80771.3840822099
80838.13085478963
80903.95960276591
80961.52080236096
81085.61603449413
81128.3928137701
81193.13587627187
81256.67452544885
81263.76271515974
81437.61638724178
81497.00044499058
81565.40636675502
81630.77016355854
81782.04643646057
81809.67526957626
81887.03873390413
81978.0462360541
82162.02272663428
81999.51593385288
82131.29333749483
82221.80501775979
82305.51130504068
82392.2737594489
82468.50839510746
82548.40300851234
82626.55512287276
82691.94890380956
82826.00026384671
82889.79293892178
82968.27963230852
83047.35128697837
83070.08620917995
83225.63831340539
83304.60912858305
83383.76966247775
83448.26041864185
83640.38263775967
83673.70224321238
83752.73478533654
83834.96376343389
83894.10818152502
84028.15673792313
84110.5736752972
84197.81481769774
84285.05246695434
84390.37272024387
84467.56117006263
84552.2931517325
84627.44105396888
84609.0114561611
84961.19823616088
84994.69240226131
85076.5650219616
85167.17069220636
85257.62616862357
85356.73326895153
85453.84620229702
85551.56813834712
85647.41542626382
85759.35169155255
85855.9952404229
85956.79948294695
86058.35836852202
86146.05243452545
86270.22621449502
86375.06944333937
86483.63774413103
86605.53658654497
86619.91966043366
86772.52348069
86883.22368153738
86984.82754249396
87010.8559396388
87266.14488645038
87356.62255942766
87463.68587324445
87575.94670831936
87670.13147297408
87798.4995108048
87917.9266346586
88045.07612628888
88236.3654622903
88170.68655009515
88332.73203321174
88459.76545893628
88581.41356827492
88687.8915060595
88819.0144168776
88935.69075418287
89046.46513443557
89117.70162236271
89418.41987240122
89473.99860125978
89585.74253725885
89704.95269793354
89813.9493445073
89957.95933477604
90084.40618119176
90215.3660923012
90361.30216787488
90382.55193587136
90568.74537765875
90705.20434866624
90836.28339470786
90947.49207544653
91119.04202732956
91246.2900881828
91377.91355604341
91507.86687047593
91698.8882300773
91794.39647097653
91928.61624149504
92065.17862561301
92200.63593655569
92347.17794903147
92485.51227688993
92626.145868388
92767.76823714795
92910.90475168789
93053.00224849209
93195.8496254934
93336.84911230282
93461.04776064085
93693.1003537731
93809.78708977578
93956.34304493421
94112.87727187725
94392.54581889388
94372.05428598076
94539.87904032841
94702.98494344519
94883.63298355951
94884.85084346298
95126.33909155568
95292.62030831026
95451.22842326015
95586.7970618174
95792.98649897816
95946.2796211227
96105.93841454138
96267.84354317156
96418.86512453202
96589.98084985791
96753.41132137529
96915.17274237983
97060.61980506266
97280.54112467752
97433.23238931783
97598.0516672153
97765.0294377761
97934.14640401443
98099.36546895654
98263.23967873538
98416.26759289752
98497.41483162736
99033.64180895152
99062.10682104314
99214.57285888889
99382.16106157075
99538.85000887842
99741.23556724517
99918.4831882061
100097.60703342035
100271.09922975831
100525.13392896717
100673.84106723755
100860.38445070258
101057.11699105466
101322.06292147515
101368.59120156139
101586.0420619394
101785.37279137902
101981.6301372136
102196.42170091241
102381.06008519029
102580.05499503334
102782.475417935
103000.88871105149
103154.06948317663
103370.86150100455
103577.76494232845
103784.22713010712
103990.06527233019
104200.12935697939
104410.47111834699
104624.09264289774
104851.5252899793
104998.36288150959
105240.38530233402
105460.69077628286
105681.20080281087
105930.8264601531
106106.81780428358
106333.21822039923
106560.73815964966
106803.56474152312
106886.85429729841
107195.78970724466
107431.80685086775
107664.71600506816
107911.84257170997
108109.41800316935
108347.46192575111
108581.96227744443
108817.17532576923
109043.91706791962
109288.33490553257
109527.53656242223
109769.36269999991
110024.25135604978
110225.3240448882
110480.58829514113
110727.34114159178
110973.86178289959
111215.92242602259
111470.23620446259
111719.55678882188
111969.55876909007
112216.98097102274
112491.60944720346
112736.62816670345
112989.66509711099
113240.50114891771
113418.12082413526
113799.43232178176
114048.38903268683
114305.76615564956
114555.531574692
114939.99815627068
115138.36295722274
115404.26678126532
115680.81721551286
116002.35453696358
116178.0265580016
116474.87242261661
116758.46980426158
117041.48202412331
117309.18663260882
117605.7298640958
117890.79679860745
118174.7800408178
118443.80098551323
118793.9538675797
119067.71030505025
119358.06801220105
119651.89226526167
119928.9770676517
120249.51529982078
120548.52827624662
120847.72086817888
121136.11896903621
121518.82367733528
121793.52109293613
122100.09111411491
122413.53661892298
122755.9679872423
123029.05317767075
123353.43384383968
123678.2834037831
124014.4035239584
124223.02501870005
124620.8285395421
124952.80607526522
125276.68369747698
125547.95494903892
126015.28473277137
126324.6436948218
126657.5921427568
126997.11350373132
127320.29873421232
127683.48556743923
128034.99672589629
128394.9334067002
128802.54039322594
128983.86839886417
129395.95979304437
129763.9297147266
130125.77001329494
130412.57261782335
130869.02221356885
131233.05561531894
131600.984956618
131968.40664907426
132363.80320451478
132731.31171237509
133111.05013394658
133498.86199951032
133959.8187352022
134221.54006673433
134624.07213648874
135017.25294373487
135407.21272361133
135844.73786141106
136215.47276371857
136612.74337851195
137012.14962182334
137397.28195819253
137850.05096339068
138251.0950407146
138662.59594003996
139078.40292406184
139490.12250077003
139919.08090500918
140345.65401637708
140778.2337049979
141236.14327242604
141579.2649873353
142045.44474513317
142489.34779089093
142932.39884499717
143370.23026870505
143826.13058703602
144275.32857242113
144726.6994185869
145176.03104048257
145667.85985362923
146113.3997515075
146575.9649272126
147042.94815825904
147512.92578645074
147987.6498191133
148464.49071343045
148944.4426582034
149426.78394578153
149923.98875233362
150406.21744140796
150897.60518360915
151390.07640662766
151862.28419747396
152430.52758585758
152923.0066154881
153430.87407344696
153944.55493477045
154463.54645969882
154986.44004183833
155515.81411151175
156055.55556791116
156642.97308645234
156995.9406757959
157601.6712804123
158157.7206426445
158711.5930526629
159306.1178469715
159810.4478798653
160371.80859209437
160933.40944814868
161491.08750440367
162112.55321950163
162661.19293589715
163236.1051164656
163816.8332235216
164398.35257544255
164995.73227046535
165588.7366102324
166185.8829352234
166783.18197642697
167455.47921377557
168021.98149244563
168634.65355739545
169253.34321333887
169870.8161516036
170518.78865329773
171149.05995781953
171787.59809612032
172431.6196852296
173069.85812426964
173734.19496137433
174393.85486725578
175059.89684390993
175740.93704912416
176369.94208696362
177064.70031248598
177750.68833876553
178439.05288049986
179105.38375038857
179841.645356084
180544.85431349138
181256.33193255833
181980.69961337396
182647.45740467316
183402.27865158033
184138.37097427621
184879.8119082583
185651.52424064928
186349.46599120018
187110.64756662853
187870.96188862357
188632.2738124713
189463.43092807924
190196.8091170648
190975.13922657818
191757.3698903427
192511.65831950042
193416.76509473845
194199.40004964545
195009.66015960998
195830.29477217532
196658.83951359842
197497.1888751769
198345.0277013122
199208.77269709695
200135.81788042816
200738.47974340036
201709.71432092224
202604.67878236625
203497.4549247981
204419.92670538928
205284.67652180907
206195.51692704437
207112.60667534982
208041.36605331698
208937.32040853024
209896.8477466507
210850.98680651723
211824.46592117412
212955.85997944803
213613.17744070242
214639.46906114416
215634.910515155
216626.59969652165
217724.17166943662
218666.86429187888
219684.18446770823
220716.99382963887
221793.00961953937
222732.8446618747
223814.64855915343
224883.22684881068
225957.56884409275
227043.59204332222
228131.84558067587
229233.39165833453
230345.9545745721
231477.45052077062
232562.19657457207
233720.07736713532
234873.04709566725
236034.49412743654
237203.44755024184
238389.92760804953
239583.99631899034
240792.4085777616
242029.2690599782
243100.8935583569
244422.75826637776
245678.65128485393
246937.34561986208
248179.50214975871
249519.8618523479
250805.3464224498
252110.7638320556
253431.8781361892
254722.5022446094
256099.69075108372
257461.42672629852
258840.28812317038
260272.67647560188
261537.65514803855
262984.9507557925
264416.3475300835
265857.27551240445
267318.60632084624
268778.66711536446
270262.51707821304
271765.59604105086
273312.7140875064
274686.50645095157
276290.12588736124
277856.8853410785
279436.26796777797
281091.07558317186
282600.2090506754
284228.3192212499
285867.22150856256
287525.25415960595
289156.9663286885
290864.385314121
292568.9978391947
294287.60834640195
296001.7742393882
297808.36745679216
299575.0558092203
301367.23342768976
303178.99540538376
305032.0882473341
306868.74114650046
308741.3569474458
310636.2282579085
312562.0899560406
314461.920928702
316427.91140264506
318407.27296656155
320407.35611365153
322435.21571958193
324472.62800855405
326539.3069399528
328628.13800810673
330734.2477908316
332908.0363320386
335055.98811047245
337242.24493329384
339456.8018060578
341722.12869986927
343948.4265653193
346244.7355422098
348566.1909420973
350917.8036140321
353267.6811660612
355691.17064450507
358133.50127603114
360619.38600121054
363287.99326083343
365450.7093159291
368073.27633452555
370673.9066745003
373297.9898399302
375912.99886747904
378626.20535531896
381343.6115490624
384094.6998562978
386885.69579153147
389685.6097800826
392547.3592131155
395441.1915186548
398372.53347511636
401376.77527951164
404344.9725767644
407394.7103294374
410487.15912413376
413638.1510714317
416707.89317291556
419967.06243826775
423231.7680506871
426538.89606906846
429923.5245729721
433262.2816803019
436709.871927334
440202.3478145602
443748.78977136523
447276.7861059169
450956.4640424629
454656.060243106
458414.88851316366
462309.1223999229
465962.7650693031
469914.2635802565
473891.2917592676
477920.87815040536
482014.8940322442
486154.5285451311
490357.33594891743
494608.79887231183
498814.87973515084
503640.37147620437
507985.3812113712
512509.92842076014
517122.0822236631
521800.5331308143
526585.3735084794
531432.6321564843
536358.6882013963
541356.5389635711
546513.2505069594
551664.2162964456
556927.2356118235
562280.5657449057
567693.4000906276
573296.0675666675
578931.0177305099
584670.733937101
590514.3831081302
596452.6378164219
602514.3825969984
608681.31445163
614962.3793753936
621369.870613483
627859.5758395891
634503.5015948712
641269.486485996
648164.4392086568
655207.9089195284
662361.1520607723
669667.8647822991
677118.1657366469
684699.9216664548
692535.6739792752
700430.892268179
708511.5811853106
716764.2940088937
725148.9232037282
733818.540516216
742618.4436417688
751616.5651197436
760830.6625835645
770131.6032941975
779795.7049481256
789639.3176042715
799707.5556548616
810002.7971718851
820571.8914617384
831377.0638431307
842449.3572324599
853798.8028035883
865415.1221883786
877359.1890875672
889603.2063256712
902173.7060517294
915126.8387941509
928245.4164639607
941884.723742893
955881.2353754743
970270.7153605316
985078.5152001376
1000311.4417823539
1016003.9388352828
1032177.6390064387
1048888.5309897098
1065916.2088969704
1083708.658709854
1102033.956764538
1120962.642817459
1140536.8005499751
1160777.3324644153
1181742.0074947523
1203468.7924361518
1226023.0693673727
1249229.432240494
1273595.465437451
1298851.9068253385
1325126.6106261308
1352441.7304705502
1381109.0983878
1410916.956378991
1442097.478018771
1474751.2202218017
1508937.278584338
1544931.1242526076
1582766.6272006459
1622651.9356257543
1664856.6629023775
1709188.9331836528
1756526.615183129
1806835.2314824308
1860500.733887847
1917945.5942110568
1979646.626694368
2046211.363978447
2118358.000146988
2196999.3868653076
2283068.936841811
2378310.2941526566
2484381.9620307814
2603801.6864633313
2740042.8563702423
2897819.7968818373
3084613.4330316726
3311852.5106684114
3599067.2778001125
3983004.740235558
4542624.075063041
5491980.272012464
7706151.505332716
25127962.689364493
-4119319.1851220056
861526.1493744878
2836726.247118338
5372496.382475117
-12072336.382113095
2108226.1471740115
4551232.953189028
8026554.746329415
25183523.494680878
-14651172.14786337
-3827204.678434211
-1059153.686778548
454347.8331823303
187734.4518383518
2760751.5839970713
4333096.16677805
7274059.02134531
19268783.19684285
-21523875.128609218
-5052855.477265764
-1566351.1319645876
746339.3782415921
13414912.193444025
-671482.4578074012
1610279.2836829196
3869758.037124069
10032235.235453643
-21430745.880903054
-3064129.5739057297
339146.3410695647
3692645.349980738
21949475.665098023
-8447211.049509138
-2662748.4625973757
-427728.9036580976
2026828.47987453
-13395377.680207785
-6277.4776620098855
2412521.0163821303
5945510.870735287
22763204.959709287
-17631491.346149884
-6083835.341512876
-3175856.5772438953
-1596923.517295699
-148153.99318031408
827885.02025053
2399173.043618867
5282098.9555675555
16640114.843450367
-23588509.44139012
-6646759.7430080995
-3104011.1379325753
-649109.0770174433
13009703.757869765
-2950542.535169461
-426061.2702051499
1797020.4130992424
7431556.281167019
-22529592.227299612
-4330110.353702742
-998857.0831363944
2422621.7071062084
20822000.95089166
-11055032.940914512
-4735503.419084232
-2462371.2199028134
-241459.88017956633
-13788821.625146326
-1416230.6173809092
860026.7249059805
4333098.155223862
20666499.704857595
-20258711.623925045
-8076345.3529676655
-5111394.341142578
-3526546.601103099
-498541.7305776812
-1254001.2548599977
257210.63961369614
2999274.7801319375
13632290.63204464
-26002539.137161624
-8737422.078580812
-5256844.054423517
-2779334.665576944
11643412.468465248
-6337340.253072158
-3723935.1785001983
-1760853.1426207987
3074850.341202799
-25721805.155322865
-8389809.874226972
-6215014.466113974
-5282323.417635795
-4732012.095916354
-4354195.581831314
-4071449.484831851
-3847741.3909637295
-3663904.5974070355
-3508652.9465557234
-3374786.931815898
-3257531.4728772584
-3153510.1117168623
-3060294.136204742
-2975918.862678097
-2899188.2245063744
-2828879.6379894894
-2764130.233965575
-2704240.230743038
-2648594.0576671297
-2596739.2007483095
-2548256.8194258716
-2502803.6273442563
-2460063.195851583
-2419819.9666489908
-2381826.392937105
-2345892.460589272
-2311803.095439111
-2279589.095860649
-2248902.1997352657
-2219714.980928949
-2191917.6584626567
-2165414.4882935975
-2140120.2671491345
-2115956.769108978
-2092851.6741610263
-2070708.7397243073
-2049632.1612339544
-2029343.1817099552
-2009905.9707656028
-1991267.5393036185
-1973323.5002389348
-1956200.2746606919
-1939714.811744708
-1923881.9586886766
-1908708.7457429187
-1893928.7937000876
-1879904.370592664
-1866384.515143342
-1853377.592120403
-1840873.5490447073
-1828830.3948153087
-1817254.8384572067
-1806121.0214043672
-1795411.6934608025
-1785126.1007077368
-1775223.2947072391
-1765708.6183277688
-1756566.6706893763
-1747793.0418254947
-1739347.161069654
-1731255.267258307
-1723493.40696045
-1716060.7445790113
-1708825.7759939022
-1702058.052077063
-1695529.742946926
-1689287.3165213617
-1683339.2050019102
-1677616.9521023456
-1672203.865208103
-1667049.5668723886
-1662153.9722952193
-1657472.228699349
-1653109.5548047707
-1648961.045020747
-1645053.8361654347
-1641394.40212173
-1637913.252855279
-1634716.4575627192
-1631735.9832660225
-1628977.986067219
-1626427.0029358712
-1624127.0312722942
-1622027.2697504165
-1620144.5851654971
-1618483.5474045966
-1616976.5500199946
-1615750.418320844
-1614714.9933072382
-1613886.1235511391
-1613261.2329326714
-1612853.3625787075
-1612645.8968663625
0
0
0
0
0
0
0
0
0
0
0
0
0
0
0
0
0
0
0
0
0
0
0
0
0
0
0
0
0
0
0
0
0
0
0
0
0
0
0
0
0
0
0
0
0
0
0
0
0
0
0
0
0
0
0
0
0
0
0
0
0
0
0
0
0
0
0
0
0
0
0
0
0
0
0
0
0
0
0
0
0
0
0
0
0
0
0
0
0
0
0
0
0
0
0
0
0
0
0
0
0
0
0
0
0
0
0
0
0
0
0
0
0
0
0
0
0
0
0
0
0
0
0
0
0
0
0
0
0
0
0
0
0
0
0
0
0
0
0
0
0
0
0
0
0
0
0
0
0
0
0
0
0
0
0
0
0
0
0
0
0
0
0
0
0
0
0
0
0
0
0
0
0
0
0
0
0
0
0
0
0
0
0
0
0
0
0
0
0
0
0
0
0
0
0
0
0
0
0
0
0
0
0
0
0
0
0
0
0
0
0
0
0
0
0
0
0
0
0
0
0
0
0
0
0
0
0
0
0
0
0
0
0
0
0
0
0
0
0
0
0
0
0
0
0
0
0
0
0
0
0
0
0
0
0
0
0
0
0
0
0
0
0
0
0
0
0
0
0
0
0
0
0
0
0
0
0
0
0
0
0
0
0
0
0
0
0
0
0
0
0
0
0
0
0
0
0
0
0
0
0
0
0
0
0
0
0
0
0
0
0
0
0
0
0
0
0
0
0
0
0
0
0
0
0
0
0
0
0
0
0
0
0
0
0
0
0
0
0
0
0
0
0
0
0
0
0
0
0
0
0
0
0
0
0
0
0
0
0
0
0
0
0
0
0
0
0
0
0
0
0
0
0
0
0
0
0
0
0
0
0
0
0
0
0
0
0
0
0
0
0
0
0
0
0
0
0
0
0
0
0
0
0
0
0
0
0
0
0
0
0
0
0
0
0
0
0
0
0
0
0
0
0
0
0
0
0
0
0
0
0
0
0
0
0
0
0
0
0
0
0
0
0
0
0
0
0
0
0
0
0
0
0
0
0
0
0
0
0
0
0
0
0
0
0
0
0
0
0
0
0
0
0
0
0
0
0
0
0
0
0
0
0
0
0
0
0
0
0
0
0
0
0
0
0
0
0
0
0
0
0
0
0
0
0
0
0
0
0
0
0
0
0
0
0
0
0
0
0
0
0
0
0
0
0
0
0
0
0
0
0
0
0
0
0
0
0
0
0
0
0
0
0
0
0
0
0
0
0
0
0
0
0
0
0
0
0
0
0
0
0
0
0
0
0
0
0
0
0
0
0
0
0
0
0
0
0
0
0
0
0
0
0
0
0
0
0
0
0
0
0
0
0
0
0
0
0
0
0
0
0
0
0
0
0
0
0
0
0
0
0
0
0
0
0
0
0
0
0
0
0
0
0
0
0
0
0
0
0
0
0
0
0
0
0
0
0
0
0
0
0
0
0
0
0
0
0
0
0
0
0
0
0
0
0
0
0
0
0
0
0
0
0
0
0
0
0
0
0
0
0
0
0
0
0
0
0
0
0
0
0
0
0
0
0
0
0
0
0
0
0
0
0
0
0
0
0
0
0
0
0
0
0
0
0
0
0
0
0
0
0
0
0
0
0
0
0
0
0
0
0
0
0
0
0
0
0
0
0
0
0
0
0
0
0
0
0
0
0
0
0
0
0
0
0
0
0
0
0
0
0
0
0
0
0
0
0
0
0
0
0
0
0
0
0
0
0
0
0
0
0
0
0
0
0
0
0
0
0
0
0
0
0
0
0
0
0
0
0
0
0
0
0
0
0
0
0
0
0
0
0
0
0
0
0
0
0
0
0
0
0
0
0
0
0
0
0
0
0
0
0
0
0
0
0
0
0
0
0
0
0
0
0
0
0
0
0
0
0
0
0
0
0
0
0
0
0
0
0
0
0
0
0
0
0
0
0
0
0
0
0
0
0
0
0
0
0
0
0
0
0
0
0
0
0
0
0
0
0
0
0
0
0
0
0
0
0
0
0
0
0
0
0
0
0
0
0
0
0
0
0
0
0
0
0
0
0
0
0
0
0
0
0
0
0
0
0
0
0
0
0
0
0
0
0
0
0
0
0
0
0
0
0
0
0
0
0
0
0
0
0
0
0
0
0
0
0
0
0
0
0
0
0
0
0
0
0
0
0
0
0
0
0
0
0
0
0
0
0
0
0
0
0
0
0
0
0
0
0
0
0
0
0
0
0
0
0
0
0
0
0
0
0
0
0
0
0
0
0
0
0
0
0
0
0
0
0
0
