0
-1.2320507699623704
-2.5668567129177973
-4.30423766473541
-8.86929980921559
4.415285006689373
-1.4365137410495663
-1.7491096995508997
2.0594713017053436
84.59666419072892
-31.601731019938597
-25.74067550059408
-28.548307677119737
-44.745820090407506
55.08673699852079
-2.4508963395492174
-10.828467794272001
-16.294594550214242
-34.440370922049624
-6.725847194567905
-13.00329265842447
-14.99162479279039
-14.315384485729737
-55.124851848348044
-27.040815238142386
-27.2788005201146
-29.705937628110405
-40.74845718772849
-15.397847850283142
-23.853744969557738
-26.409473564475775
-27.635785292019136
64.48457382705237
-34.2661718299787
-35.70432913146942
-38.97158919335925
-50.79503804742126
-8.648553657156299
-26.917748041829327
-29.61287667970464
-27.812694109030417
28.13806803629268
-54.569891269435175
-49.559646898385836
-50.283783664461225
-55.6791698775487
-24.885000912188843
-45.02713774552103
-49.380186082446016
-54.18534093152266
-76.06015575805213
-40.21421918692067
-49.78290781500982
-55.661767173121916
-67.30662753125944
90.25944412327954
-37.10917998457444
-45.079624700476415
-48.219406720250845
-47.37633748778899
-58.65210486004071
-57.846982281596866
-59.252996961498866
-61.73742248972121
-144.53534769045655
-58.92892702354584
-61.578282115457114
-63.140912773116725
-63.300695507088676
-72.10652805346763
-71.4329275287455
-74.10416339256335
-80.0513743335905
-137.48483664070955
-59.38981663243612
-70.12743575125933
-77.45301998870855
-94.47656121617183
10.642373729191604
-54.92687568254769
-62.95778221078217
-66.15013120188087
-64.18035989439522
-74.62741042132257
-74.25228483285173
-74.595693632029
-73.52345658605918
-116.44602400704753
-83.30130898301286
-82.74367142890696
-83.31959042986273
-85.28871933565824
-81.47692875872599
-82.98547861317638
-82.863803865097
-80.34392453654436
62.81243924629234
-95.98688554594992
-92.48595496546477
-91.21466204966418
-89.08086403430207
-95.3144219595415
-90.83741752337664
-87.25927606310142
-77.91847431771748
29.107882310054265
-129.61098730925005
-111.4176696214272
-103.44487630273215
-88.3453277922963
-188.67643878652598
-124.20894550389494
-115.60157072082802
-107.35427170005278
-62.13382560269383
-154.32031858510163
-136.5087148178136
-134.06058552046306
-138.21394903131295
-7.1956102141411975
-117.35448219452519
-121.94275665059104
-123.72976605212898
-124.22602925451065
-127.50984737541876
-127.61072835951927
-128.07256733872055
-127.90121936064679
-93.80314006251865
-134.60670458929962
-134.48268548134365
-135.85898969566915
-141.5680920065788
-115.14248015728663
-126.08184726801119
-124.72824427293381
-115.26039838010911
1.0869891039619688
-180.65858404920436
-160.12230506539345
-153.9808445622475
-146.69691643852275
-197.96468590921722
-166.20506844192278
-165.27392055746168
-168.9284636687953
-195.028406750891
-142.40447793150088
-156.16032085037295
-162.55074367260386
-173.4200898984127
73.22981755219371
-144.83940091344994
-153.26817191275768
-156.97639132439508
-159.3524721825961
-161.5100994989043
-163.00951640913263
-164.25252111339069
-164.71600980393123
-137.0251047972415
-172.97185930190608
-173.39804017310962
-175.5021972960094
-182.20423469226807
-154.16156730474904
-168.07486488483846
-168.93459446984343
-164.0304248171451
-92.21671652553778
-212.85316174947366
-201.14344088701182
-202.1159574854246
-213.72432766162092
-110.62203389342176
-182.34638520376757
-192.34687414573273
-202.7719224440516
-250.37912163792498
-152.6100766963791
-177.2098571427632
-184.35777095078083
-188.9623584591318
-161.09691359195858
-190.7150993538089
-193.21695820253808
-195.11153654713416
-197.48465222141385
-194.79691472784907
-196.20687278892729
-195.08069367171265
-188.14830851204897
4.232941604917869
-233.20188166451408
-224.15316506089584
-224.8161236415326
-236.50419372609758
-174.25352476909757
-205.53814793052152
-209.62459519616095
-209.20433242275612
-181.90676097851247
-231.7114810985222
-226.71148699370679
-226.71434513450367
-229.25360803189687
-204.36885100696236
-221.21270314848516
-221.1427164391207
-216.29288030351745
-177.22143343667994
-271.18100812262855
-250.10237296302512
-246.07723944401368
-244.54754671500996
-275.2107300683856
-247.1930616570753
-247.39328460238175
-248.07899762364104
-249.2014133592602
-248.50101944000926
-249.5432147543179
-249.7435514861354
-248.34246456832625
-205.83376833834336
-260.21962201723363
-256.7944596604211
-253.9011837670114
-242.99607121040754
-302.7098847195739
-271.1326647327369
-264.7664647383499
-255.3302012156928
-175.4237261423841
-312.8651618106378
-293.53461392581085
-288.72882712681894
-284.9622680383036
-317.4958335729316
-296.00090797217126
-296.62876699120534
-300.8656811219698
-324.89251546375453
-270.6492073314148
-285.60667730204295
-289.512133069853
-290.3195868637413
-498.1356667041546
-303.29653332266025
-303.8420752215461
-306.65063215070404
-316.4583227883559
-287.59131233982043
-300.11789778068487
-302.86212265864015
-303.00487912946846
-270.6183340132702
-315.6265032433439
-312.98529380897526
-310.4346098569222
-298.14447859628126
-377.56593121786136
-337.03322698730335
-332.7365756307263
-330.4971674383196
-312.94167828318314
-347.779854849563
-345.2212167678954
-348.02471231191885
-357.8768856037059
-251.94775867077988
-332.5184891165991
-339.7710720886171
-343.51033841076423
-345.7495468335692
-350.19137419576873
-352.23181809988455
-354.6332601113245
-357.2093120366335
-305.4527397915954
-362.04133499856107
-365.2711581783369
-369.261840914769
-377.52718071716663
-362.8621867056063
-375.2415209389874
-384.6093439909746
-404.45081927273714
-674.6989467062376
-316.98196606885176
-344.18254218126094
-349.0952119141584
-334.49402466067113
-463.3454092402826
-396.9951023220783
-390.6805242461269
-387.84353873785585
-369.4269022565277
-406.2264686450362
-401.9122465658729
-401.8928087269742
-401.5686642193614
-427.6217029178515
-411.1212352419243
-411.89245391204895
-413.09344478324056
-411.22415927340626
-424.18621386107407
-423.8503564710263
-426.0245748255402
-428.94404128596943
-477.033552412875
-434.73345233441796
-439.8869449980557
-448.1521355114237
-476.33467161849694
-380.19624734732497
-423.16718951720395
-432.0776644646321
-435.4825883837766
-407.20237981530954
-457.06558595690876
-457.8570927924011
-462.70522860530764
-475.12856724918674
-417.6209518085816
-456.9768873874564
-466.6060972245614
-478.0161948308378
-534.8978687643539
-438.12630391685525
-459.67494952405104
-468.1386938171927
-475.98006608163996
-436.29368599766167
-474.4015266605129
-479.89402016946406
-484.2637020745897
-490.3613466894021
-486.46908585590427
-491.613207663293
-494.99297868460417
-497.8944453705335
-484.1172556646634
-504.5830832235515
-506.87921401411586
-508.6599412908545
-506.39803191053215
-531.1241397887061
-525.3347191062494
-527.8662759246945
-533.7045283178304
-586.1541615656315
-515.4902964320936
-522.8367744529023
-522.4700011257373
-506.56892735807924
-649.2613633752044
-569.9522430783836
-564.5790537465946
-565.7434604759328
-577.7027477007214
-558.9527289565449
-565.205920379798
-568.4799096512143
-570.3485004231334
-600.1056648294907
-581.8435459566608
-584.0735968019362
-587.1513443989679
-591.5585438733106
-590.7171703299609
-594.9773988023371
-598.188180849611
-600.7374252639711
-564.6313889748417
-611.000604879111
-613.4387440938881
-616.6718871767225
-621.3565717994934
-615.7565339998982
-621.215770483308
-621.9346340846969
-615.9606145945145
-500.4571287544968
-682.292534811233
-669.7751187130561
-673.0710950665816
-691.6122299767449
-566.9563765783823
-649.3224883178482
-662.2389784614206
-672.5612791959284
-704.9064314186835
-653.9183147768927
-669.102355083065
-675.307510775936
-678.2153727128825
-736.2553385380743
-696.1283436454833
-698.5241014073836
-701.9288306883536
-704.8032284500077
-711.3854641768849
-714.2269209246879
-717.3275956086582
-718.6549059947138
-618.4473385039018
-740.9319076923275
-742.4280934105627
-747.396238559566
-758.7072126784478
-729.5145779063168
-749.4071641589762
-756.8729920368933
-765.0085344191684
-806.6726396459562
-752.6101603449497
-761.4310663429351
-762.8792927404866
-750.8806984085822
-894.1250262077665
-809.4531095449493
-803.6966772263113
-800.5330756790936
-772.4495893056082
-841.1505478149338
-830.8678222703165
-830.8497174431686
-830.6655033458374
-918.381216199632
-849.7929495689459
-851.4506068597839
-854.775842959607
-858.2824255906162
-862.4911658711499
-865.2700416542357
-866.3680764340825
-860.0153174673032
-540.2939545668341
-923.9298482731392
-915.2636128235608
-917.1493893474471
-923.3783609274542
-918.2470866391668
-929.8892932338349
-939.2736506710644
-954.2732107541524
-1053.4745650452096
-912.6200692602724
-937.3646679678932
-949.8840380691981
-964.2146057598438
-915.8535999142623
-958.9472693732823
-968.3428124074999
-974.6798226973042
-972.846262873034
-998.8561114009353
-1001.0021953411633
-1006.212624377833
-1011.1633221362135
-1058.0283852873836
-1028.2317568616709
-1033.644156243652
-1039.5864224481338
-1044.5344206219743
-1055.865454760613
-1060.7912651804509
-1066.9657473482366
-1072.7326030516997
-1055.1769679478602
-1091.8182925902074
-1097.85870679855
-1105.4438568552723
-1116.1476864548167
-1104.548712013493
-1121.037587486513
-1129.648447438114
-1137.5067202253267
-1144.6652857689187
-1153.4183375091525
-1161.1382258305239
-1169.213604924793
-1178.485836588312
-1170.2342743792979
-1188.6086122716079
-1196.8213945621392
-1203.4982583601668
-1201.1195060250466
-1233.52856803732
-1236.1265474824759
-1243.1866100701736
-1251.1011638982454
-1255.1767636793666
-1267.1730138020357
-1275.4729241351597
-1283.2398433013586
-1286.6805039718747
-1315.1426650530484
-1318.3456332288479
-1328.2883051200042
-1342.998677952215
-1471.1829456059495
-1333.1388771024067
-1351.3458335094329
-1364.7893258482218
-1381.5998515905812
-1359.7636906842235
-1386.4835726749297
-1398.8527316167601
-1409.6563156944467
-1416.4803438691888
-1434.7868381988956
-1445.5013925551903
-1458.5217588621308
-1478.876526642911
-1381.860920360341
-1468.0114568134595
-1484.3925663996488
-1496.8091416260868
-1506.1683444371156
-1523.3219384166878
-1533.0189347680425
-1543.4907927067543
-1552.9771983432584
-1701.0815353480866
-1582.2401935404341
-1591.9287436450832
-1602.4763125748723
-1611.7458798682783
-1629.8671240682452
-1638.4579090769112
-1648.5645487677539
-1656.4498699725373
-1598.386038126293
-1700.2309304147493
-1706.34753702968
-1715.7816348859342
-1721.315814142581
-1772.2933523416868
-1765.5707082648296
-1777.2979953237955
-1792.7774359154137
-1831.4919461331156
-1801.1218928084709
-1822.7256854061561
-1840.91905001938
-1864.9092019813543
-1767.9255072394153
-1863.2003546636552
-1882.9137079678476
-1897.868098018458
-1902.6514109789277
-1945.4832867844962
-1953.8574520235416
-1967.7468855655752
-1982.4796929842996
-2018.855214994328
-2013.1240430237667
-2027.8122412917437
-2040.9974120760453
-2042.908101281646
-2113.4218885630544
-2110.048570728861
-2124.817282742646
-2144.4429102652357
-2220.3913098040503
-2159.4429993503145
-2182.85535794741
-2202.140911568553
-2217.8211306207813
-2266.3270640951523
-2273.563614214596
-2297.4750369170215
-2333.3136460208625
-2489.9925790288253
-2263.289725547307
-2325.902656652499
-2360.7811259656446
-2400.4939960343763
-2227.275459428871
-2397.59192043083
-2429.70434261224
-2456.44154175336
-2488.7150950793584
-2489.3895017561736
-2518.1989463088103
-2542.252978795441
-2565.9351892660197
-2749.5130151066114
-2609.585465098309
-2633.0066146339523
-2655.8026166486525
-2676.274445237592
-2711.495977680199
-2730.525048520358
-2753.5155600545986
-2776.8118624867056
-2795.2479186619166
-2826.1701788025093
-2848.362392236595
-2868.266262411198
-2873.21501183894
-3031.6441937889904
-2981.9971203731548
-2998.8187465691008
-3019.73691774084
-3023.5671082226327
-3090.8583062720427
-3110.5441148810496
-3135.162896490161
-3156.7511836898047
-3285.1940897768363
-3237.741315987674
-3263.8799369938497
-3294.280982465716
-3332.5331098783936
-3342.3943380975106
-3380.2292167216656
-3413.9850204200193
-3448.2531862750766
-3588.0545111975225
-3509.948359369533
-3544.6196701751323
-3577.485081659048
-3601.6459453542484
-3685.385045588482
-3703.273753845395
-3739.785019885865
-3784.2966655790224
-3933.9000045608846
-3812.1513891960203
-3864.721854158037
-3906.692914256302
-3943.1517933633586
-4020.199479089293
-4040.486899605574
-4079.49202018138
-4119.133194507798
-4145.650489758642
-4221.096712017636
-4259.818156746449
-4304.206488576077
-4352.382898582815
-4341.41218531644
-4433.911444753059
-4483.910409778939
-4533.336961550638
-4584.28676696957
-4630.676698038675
-4682.825572878588
-4734.996750775434
-4788.4722476801835
-4892.076604716945
-4892.018647825811
-4948.338759651291
-5005.257434213767
-5065.34592420244
-5110.408473521587
-5175.2268830756075
-5236.831707133853
-5301.021159664728
-5402.9980143868015
-5406.646483421326
-5476.106944679283
-5541.957544063218
-5605.48077637938
-5702.76344691636
-5756.17373306604
-5828.9043436944485
-5912.686816686153
-6086.311654269637
-5951.5546786098275
-6065.389912574494
-6148.651747347903
-6223.571176428144
-6424.825769911957
-6405.016214356525
-6482.161083647632
-6563.427608646889
-6647.170744274568
-6731.178750351071
-6818.7112249938655
-6908.4490190583165
-7003.29626512088
-7300.593265629548
-7162.921203997976
-7263.132408728474
-7359.53422169041
-7449.3895548001165
-7593.385299921734
-7677.126979869092
-7780.024178895459
-7889.509925022023
-8046.80216651829
-8081.364042990492
-8201.310411477461
-8316.341459049203
-8426.13080328377
-8618.897786958027
-8697.467263220577
-8820.614590897632
-8953.516799916513
-9131.867642368656
-9161.765369719826
-9318.57645341492
-9462.240839967213
-9606.802834629081
-9724.193145755562
-9896.455425915541
-10048.475778109976
-10202.942063459312
-10359.402944314526
-10525.146040021209
-10688.49625070428
-10856.434314488026
-11027.147369479528
-11144.94152185088
-11394.061871655285
-11577.291705060052
-11767.459043709096
-11967.4328698084
-12135.571727150586
-12352.66166446032
-12561.940374592668
-12772.412094410509
-12946.812416918809
-13243.12095185672
-13465.493923864036
-13699.859383581264
-13940.706993204483
-14202.26316287258
-14450.413364725886
-14713.088464817498
-14984.015518943896
-15267.157619578764
-15541.31628328684
-15837.812071611872
-16141.116928030737
-16454.385385985952
-16699.171593849198
-17094.66498724284
-17435.495439890772
-17785.220076933736
-18145.803597850492
-18513.157920120982
-18895.3825468985
-19287.52969313308
-19687.48669402511
-19938.2611349551
-20572.52049320459
-21010.52056653716
-21468.17834498582
-21934.50308358483
-22483.85003597685
-22968.785975889186
-23494.80402035988
-24041.47042204102
-24598.24591315427
-25207.15425558167
-25816.630029930617
-26450.89417839411
-27108.199259409914
-27819.935911393724
-28516.372565007303
-29258.060797689774
-30033.230558011564
-30859.58603309031
-31648.056933372573
-32534.20973344799
-33449.881279028836
-34405.23617497645
-35370.8328276542
-36443.02431135462
-37535.73384389881
-38679.95220605028
-39876.72787070047
-41152.01167816727
-42472.57273133274
-43866.50489215297
-45335.81866629142
-46899.957402147236
-48516.15525162709
-50244.98880576179
-52071.92065414076
-53993.93846703158
-56159.170635657036
-58298.604323473875
-60625.371962108184
-63109.10645802796
-65708.41245782166
-68673.43134848028
-71724.071195381
-75018.73287144024
-78570.48153745709
-82503.58097830717
-86625.49994550052
-91169.0022006298
-96135.57312990364
-101605.51941822888
-107507.53625355056
-114132.38227571698
-121467.82540934731
-129648.24727284792
-138766.59662188962
-149179.60764541687
-160959.0992320343
-174459.49514254066
-190070.42218791484
-208336.2949954914
-229912.14275147766
-255791.0105800114
-287337.0676151649
-326667.33643494174
-376360.9887057743
-441697.37120069587
-530502.1534356358
-657224.110400476
-850418.586169783
-1175388.9904088054
-1815908.5967330926
-3549900.7631786894
-19010126.29253023
8057003.356484618
4320166.139683026
4019388.709474533
6324890.600054974
-27080480.45276061
-3593729.228478993
-2271324.352013261
-2505569.6425088765
-6923364.069039155
4571550.342618133
1773767.1403285007
1263471.9025059955
1270830.547658967
-32275428.01491179
286643.43579874514
616608.6122421538
1071790.7848281874
3204913.244058177
-4809497.7212779485
-2002337.076356689
-1970176.103908497
-3263815.103488327
-28824965.261754233
5302562.520613108
3369455.914796242
3682018.6709308554
7428907.374063942
-17460731.846164946
-4484421.339607875
-3482771.6712803957
-4550972.160996039
-18433606.728368167
7471448.493777537
3763000.308098709
3485935.351228496
5599911.789059333
-28251871.842355017
-3528841.9120245697
-2207037.2372767148
-2314554.9550708774
-5768211.224043757
3713637.143148302
1284977.5759759825
804228.685463354
609489.528786439
-32396990.947834022
770610.3419416985
905940.5843368612
1392601.408691585
3928543.6980721364
-6137693.350776393
-2419707.552069211
-2283333.525447891
-3615618.236017869
-27999524.485480882
5723372.991973798
3536342.064895362
3796892.188463023
7483167.053177629
-18815437.122046534
-4569382.06705859
-3477281.149584485
-4452665.782879186
-17070781.17633377
7397557.339243499
3639162.1722851847
3311590.050105283
5169955.718657327
-29052938.385238636
-3164311.529743858
-1886579.6816311425
-1891453.4499419418
-4450141.083654701
2970100.718963273
961102.5728657199
514793.56208096584
129862.03439374827
-32244988.04588042
1434814.8551586566
1363909.2551555086
1877036.9221738293
4765412.590814587
-7301644.617978055
-2604628.285709395
-2340521.476892309
-3668399.2687403187
-26806621.084266633
6435904.0483859135
4059385.1182503733
4341645.056974275
8045377.411175821
-19388248.578199074
-3564616.032222435
-1817442.5094160512
-1173787.03005588
-847679.2236490801
-653970.2346885758
-526992.9769007678
-438046.021309454
-372627.7906580849
-322728.9975273763
-283459.8257795526
-251875.94300746266
-225956.83855807548
-204332.13837689138
-186052.7357122763
-170392.25514346454
-156846.60571516328
-145020.425929273
-134517.24258162407
-125396.53320043162
-117165.44024695829
-109780.719791146
-103120.68102126266
-97078.28384685889
-91585.15583051136
-86564.10509063047
-81962.27766522556
-77803.33925575763
-73764.95425242092
-70148.50886166142
-66782.19928150531
-63646.27950875019
-60718.641708315816
-57980.188311627135
-55413.321774049895
-53004.13200853206
-50758.42260316666
-48567.388758691726
-46555.16781129944
-44645.88257164939
-42841.69722275622
-40939.21869267663
-39450.94678981509
-37899.423888045014
-36415.85621434613
-34995.55851730495
-33652.32609256194
-32352.91052497481
-31110.30722123687
-29918.034120275523
-28726.287454008474
-27680.19832798629
-26620.991661564913
-25601.418829689268
-24617.736039338633
-23673.32768938376
-22755.001397576998
-21868.23733447003
-21009.37416313286
-20166.22965052817
-19378.97811843641
-18595.82339415094
-17838.41756699758
-17112.857113943668
-16277.237362037995
-15647.029906418873
-14969.372532813693
-14302.816049474524
-13643.148644231842
-13023.638361566933
-12396.658482775325
-11786.022266125423
-11191.977659065975
-10458.676375805633
-10003.051851725671
-9439.440552746877
-8881.885748157045
-8331.82946224534
-7790.840571112814
-7255.861032872461
-6728.258356187027
-6208.392297403654
-5762.548168902053
-5171.087918193778
-4667.730386458337
-4167.396713751601
-3674.1078053970123
-3156.7328131597023
-2674.9614164336817
-2186.737310705008
-1699.7832647737814
-1218.4299211330945
-725.7142907439265
-242.00789468863513
0
0
0
0
0
0
0
0
0
0
0
0
0
0
0
0
0
0
0
0
0
0
0
0
0
0
0
0
0
0
0
0
0
0
0
0
0
0
0
0
0
0
0
0
0
0
0
0
0
0
0
0
0
0
0
0
0
0
0
0
0
0
0
0
0
0
0
0
0
0
0
0
0
0
0
0
0
0
0
0
0
0
0
0
0
0
0
0
0
0
0
0
0
0
0
0
0
0
0
0
0
0
0
0
0
0
0
0
0
0
0
0
0
0
0
0
0
0
0
0
0
0
0
0
0
0
0
0
0
0
0
0
0
0
0
0
0
0
0
0
0
0
0
0
0
0
0
0
0
0
0
0
0
0
0
0
0
0
0
0
0
0
0
0
0
0
0
0
0
0
0
0
0
0
0
0
0
0
0
0
0
0
0
0
0
0
0
0
0
0
0
0
0
0
0
0
0
0
0
0
0
0
0
0
0
0
0
0
0
0
0
0
0
0
0
0
0
0
0
0
0
0
0
0
0
0
0
0
0
0
0
0
0
0
0
0
0
0
0
0
0
0
0
0
0
0
0
0
0
0
0
0
0
0
0
0
0
0
0
0
0
0
0
0
0
0
0
0
0
0
0
0
0
0
0
0
0
0
0
0
0
0
0
0
0
0
0
0
0
0
0
0
0
0
0
0
0
0
0
0
0
0
0
0
0
0
0
0
0
0
0
0
0
0
0
0
0
0
0
0
0
0
0
0
0
0
0
0
0
0
0
0
0
0
0
0
0
0
0
0
0
0
0
0
0
0
0
0
0
0
0
0
0
0
0
0
0
0
0
0
0
0
0
0
0
0
0
0
0
0
0
0
0
0
0
0
0
0
0
0
0
0
0
0
0
0
0
0
0
0
0
0
0
0
0
0
0
0
0
0
0
0
0
0
0
0
0
0
0
0
0
0
0
0
0
0
0
0
0
0
0
0
0
0
0
0
0
0
0
0
0
0
0
0
0
0
0
0
0
0
0
0
0
0
0
0
0
0
0
0
0
0
0
0
0
0
0
0
0
0
0
0
0
0
0
0
0
0
0
0
0
0
0
0
0
0
0
0
0
0
0
0
0
0
0
0
0
0
0
0
0
0
0
0
0
0
0
0
0
0
0
0
0
0
0
0
0
0
0
0
0
0
0
0
0
0
0
0
0
0
0
0
0
0
0
0
0
0
0
0
0
0
0
0
0
0
0
0
0
0
0
0
0
0
0
0
0
0
0
0
0
0
0
0
0
0
0
0
0
0
0
0
0
0
0
0
0
0
0
0
0
0
0
0
0
0
0
0
0
0
0
0
0
0
0
0
0
0
0
0
0
0
0
0
0
0
0
0
0
0
0
0
0
0
0
0
0
0
0
0
0
0
0
0
0
0
0
0
0
0
0
0
0
0
0
0
0
0
0
0
0
0
0
0
0
0
0
0
0
0
0
0
0
0
0
0
0
0
0
0
0
0
0
0
0
0
0
0
0
0
0
0
0
0
0
0
0
0
0
0
0
0
0
0
0
0
0
0
0
0
0
0
0
0
0
0
0
0
0
0
0
0
0
0
0
0
0
0
0
0
0
0
0
0
0
0
0
0
0
0
0
0
0
0
0
0
0
0
0
0
0
0
0
0
0
0
0
0
0
0
0
0
0
0
0
0
0
0
0
0
0
0
0
0
0
0
0
0
0
0
0
0
0
0
0
0
0
0
0
0
0
0
0
0
0
0
0
0
0
0
0
0
0
0
0
0
0
0
0
0
0
0
0
0
0
0
0
0
0
0
0
0
0
0
0
0
0
0
0
0
0
0
0
0
0
0
0
0
0
0
0
0
0
0
0
0
0
0
0
0
0
0
0
0
0
0
0
0
0
0
0
0
0
0
0
0
0
0
0
0
0
0
0
0
0
0
0
0
0
0
0
0
0
0
0
0
0
0
0
0
0
0
0
0
0
0
0
0
0
0
0
0
0
0
0
0
0
0
0
0
0
0
0
0
0
0
0
0
0
0
0
0
0
0
0
0
0
0
0
0
0
0
0
0
0
0
0
0
0
0
0
0
0
0
0
0
0
0
0
0
0
0
0
0
0
0
0
0
0
0
0
0
0
0
0
0
0
0
0
0
0
0
0
0
0
0
0
0
0
0
0
0
0
0
0
0
0
0
0
0
0
0
0
0
0
0
0
0
0
0
0
0
0
0
0
0
0
0
0
0
0
0
0
0
0
0
0
0
0
0
0
0
0
0
0
0
0
0
0
0
0
0
0
0
0
0
0
0
